2.6413020988969715
2.6413020988969715
2.6413020988969715
2.841401937262636
2.841401937262636
3.269658992376984
3.269658992376984
3.269658992376984
3.269658992376984
3.3975924414477965
3.520421354890342
3.520421354890342
3.520421354890342
3.6279499280506684
4.699187498978869
5.052087543288017
5.052087543288017
5.052087543288017
5.052087543288017
5.052087543288017
5.052087543288017
5.052087543288017
5.052087543288017
5.052087543288017
5.052087543288017
5.052087543288017
5.052087543288017
6.162779326703395
6.162779326703395
6.162779326703395
6.162779326703395
6.162779326703395
6.162779326703395
6.162779326703395
6.162779326703395
7.138965031105638
7.138965031105638
7.138965031105638
7.138965031105638
7.8567956519998585
7.8567956519998585
7.8567956519998585
7.8567956519998585
7.8567956519998585
7.8567956519998585
7.8567956519998585
7.8567956519998585
7.8567956519998585
7.8567956519998585
7.8567956519998585
7.8567956519998585
9.310869633538076
9.310869633538076
9.310869633538076
9.310869633538076
9.310869633538076
9.310869633538076
9.310869633538076
9.310869633538076
9.310869633538076
9.310869633538076
9.310869633538076
9.310869633538076
9.310869633538076
9.310869633538076
9.310869633538076
9.310869633538076
9.310869633538076
9.310869633538076
9.310869633538076
9.310869633538076
9.310869633538076
9.310869633538076
9.310869633538076
9.310869633538076
9.310869633538076
9.310869633538076
9.310869633538076
9.310869633538076
9.310869633538076
9.310869633538076
9.310869633538076
9.310869633538076
9.310869633538076
9.310869633538076
9.310869633538076
9.310869633538076
9.310869633538076
9.310869633538076
9.310869633538076
9.310869633538076
9.310869633538076
9.310869633538076
9.310869633538076
9.310869633538076
9.310869633538076
9.310869633538076
9.310869633538076
9.310869633538076
9.310869633538076
9.310869633538076
9.310869633538076
9.310869633538076
9.310869633538076
9.310869633538076
9.310869633538076
9.310869633538076
9.310869633538076
9.310869633538076
9.310869633538076
9.310869633538076
9.310869633538076
9.310869633538076
9.310869633538076
9.310869633538076
9.310869633538076
9.310869633538076
9.310869633538076
9.310869633538076
9.310869633538076
9.310869633538076
9.310869633538076
9.310869633538076
9.310869633538076
9.310869633538076
9.310869633538076
9.310869633538076
9.310869633538076
9.310869633538076
9.310869633538076
9.310869633538076
9.310869633538076
9.310869633538076
9.310869633538076
9.310869633538076
9.310869633538076
9.310869633538076
9.310869633538076
9.310869633538076
9.310869633538076
9.310869633538076
9.310869633538076
9.310869633538076
9.310869633538076
9.310869633538076
9.310869633538076
9.310869633538076
9.310869633538076
9.310869633538076
9.310869633538076
9.310869633538076
9.310869633538076
9.310869633538076
9.884460848581517
9.884460848581517
9.884460848581517
9.884460848581517
9.887692702478256
9.887692702478256
9.887692702478256
9.887692702478256
9.887692702478256
9.887692702478256
9.887692702478256
9.887692702478256
9.887692702478256
9.887692702478256
9.887692702478256
11.96347308159846
11.96347308159846
11.96347308159846
11.96347308159846
11.96347308159846
11.96347308159846
11.96347308159846
11.96347308159846
11.96347308159846
11.96347308159846
11.96347308159846
11.96347308159846
11.96347308159846
11.96347308159846
11.96347308159846
11.96347308159846
11.96347308159846
11.96347308159846
11.96347308159846
11.96347308159846
11.96347308159846
11.96347308159846
11.96347308159846
11.96347308159846
11.96347308159846
11.96347308159846
11.96347308159846
11.96347308159846
11.96347308159846
11.96347308159846
11.96347308159846
11.96347308159846
11.96347308159846
11.96347308159846
11.96347308159846
11.96347308159846
11.96347308159846
11.96347308159846
11.96347308159846
11.96347308159846
11.96347308159846
11.96347308159846
11.96347308159846
11.96347308159846
11.96347308159846
11.96347308159846
11.96347308159846
11.96347308159846
11.96347308159846
11.96347308159846
11.96347308159846
11.96347308159846
11.96347308159846
11.96347308159846
11.96347308159846
11.96347308159846
11.96347308159846
11.96347308159846
11.96347308159846
11.96347308159846
11.96347308159846
11.96347308159846
11.96347308159846
11.96347308159846
11.96347308159846
11.96347308159846
11.96347308159846
11.96347308159846
11.96347308159846
11.96347308159846
11.96347308159846
11.96347308159846
11.96347308159846
11.96347308159846
11.96347308159846
11.96347308159846
11.96347308159846
11.96347308159846
11.96347308159846
11.96347308159846
11.96347308159846
11.96347308159846
11.96347308159846
11.96347308159846
11.96347308159846
11.96347308159846
11.96347308159846
11.96347308159846
11.96347308159846
11.96347308159846
11.96347308159846
11.96347308159846
11.96347308159846
11.96347308159846
11.96347308159846
11.96347308159846
11.96347308159846
11.96347308159846
11.96347308159846
11.96347308159846
11.96347308159846
11.96347308159846
11.96347308159846
11.96347308159846
11.96347308159846
11.96347308159846
11.96347308159846
11.96347308159846
11.96347308159846
12.872335366407718
12.872335366407718
12.872335366407718
12.872335366407718
12.872335366407718
12.872335366407718
12.872335366407718
12.872335366407718
12.872335366407718
12.872335366407718
12.872335366407718
12.872335366407718
12.872335366407718
12.872335366407718
12.872335366407718
12.872335366407718
12.872335366407718
12.872335366407718
12.872335366407718
12.872335366407718
12.872335366407718
12.872335366407718
12.872335366407718
12.872335366407718
12.872335366407718
12.872335366407718
12.872335366407718
12.872335366407718
12.872335366407718
12.872335366407718
12.872335366407718
12.872335366407718
12.872335366407718
12.872335366407718
12.872335366407718
12.872335366407718
12.872335366407718
12.872335366407718
12.872335366407718
12.872335366407718
12.872335366407718
12.872335366407718
12.872335366407718
12.872335366407718
12.872335366407718
12.872335366407718
12.872335366407718
12.872335366407718
12.872335366407718
12.872335366407718
12.872335366407718
12.872335366407718
12.872335366407718
12.872335366407718
12.872335366407718
12.872335366407718
12.872335366407718
12.872335366407718
12.872335366407718
12.872335366407718
12.872335366407718
12.872335366407718
12.872335366407718
12.872335366407718
12.872335366407718
12.872335366407718
12.872335366407718
12.872335366407718
12.872335366407718
12.872335366407718
12.872335366407718
12.872335366407718
12.872335366407718
12.872335366407718
12.872335366407718
12.872335366407718
12.872335366407718
12.872335366407718
12.872335366407718
12.872335366407718
12.872335366407718
12.872335366407718
12.872335366407718
12.872335366407718
12.872335366407718
12.872335366407718
12.872335366407718
12.872335366407718
12.872335366407718
12.872335366407718
12.872335366407718
12.872335366407718
12.872335366407718
12.872335366407718
12.872335366407718
12.872335366407718
12.872335366407718
12.872335366407718
12.872335366407718
12.872335366407718
12.872335366407718
12.872335366407718
12.872335366407718
12.872335366407718
12.872335366407718
12.872335366407718
12.872335366407718
12.872335366407718
12.872335366407718
12.872335366407718
12.872335366407718
12.872335366407718
12.872335366407718
12.872335366407718
12.872335366407718
12.872335366407718
12.872335366407718
12.872335366407718
12.872335366407718
12.872335366407718
12.872335366407718
12.872335366407718
12.872335366407718
12.872335366407718
12.872335366407718
12.872335366407718
12.872335366407718
12.872335366407718
12.872335366407718
12.872335366407718
12.872335366407718
12.872335366407718
12.872335366407718
12.872335366407718
12.872335366407718
12.872335366407718
12.872335366407718
12.872335366407718
12.872335366407718
12.872335366407718
12.872335366407718
12.872335366407718
12.872335366407718
12.872335366407718
12.872335366407718
12.872335366407718
12.872335366407718
12.872335366407718
12.872335366407718
12.872335366407718
12.872335366407718
12.872335366407718
12.872335366407718
12.872335366407718
12.872335366407718
12.872335366407718
12.872335366407718
12.872335366407718
12.872335366407718
12.872335366407718
12.872335366407718
12.872335366407718
12.872335366407718
12.872335366407718
12.872335366407718
12.872335366407718
12.872335366407718
12.872335366407718
12.872335366407718
12.872335366407718
12.872335366407718
12.872335366407718
12.872335366407718
12.872335366407718
12.872335366407718
12.872335366407718
12.872335366407718
12.872335366407718
12.872335366407718
12.872335366407718
12.872335366407718
12.872335366407718
12.872335366407718
12.872335366407718
12.872335366407718
12.872335366407718
12.872335366407718
12.872335366407718
12.872335366407718
12.872335366407718
12.872335366407718
12.872335366407718
12.872335366407718
12.872335366407718
12.872335366407718
12.872335366407718
12.872335366407718
12.872335366407718
12.872335366407718
12.872335366407718
12.872335366407718
12.872335366407718
12.872335366407718
12.872335366407718
12.872335366407718
12.872335366407718
12.872335366407718
12.872335366407718
12.872335366407718
12.872335366407718
12.872335366407718
12.872335366407718
12.872335366407718
12.872335366407718
12.872335366407718
12.872335366407718
12.872335366407718
12.872335366407718
12.872335366407718
12.872335366407718
12.872335366407718
12.872335366407718
12.872335366407718
12.872335366407718
