5.0924677655015325
5.375382913961073
5.375382913961073
5.375382913961073
5.625134083092888
5.625134083092888
6.379432004456175
6.379432004456175
6.379432004456175
6.379432004456175
6.379432004456175
6.379432004456175
6.379432004456175
6.379432004456175
6.379432004456175
6.379432004456175
6.379432004456175
6.379432004456175
6.379432004456175
6.379432004456175
6.379432004456175
6.379432004456175
6.379432004456175
6.379432004456175
6.379432004456175
6.379432004456175
6.379432004456175
6.379432004456175
6.379432004456175
6.379432004456175
6.887368676948386
6.887368676948386
6.887368676948386
6.887368676948386
6.887368676948386
6.887368676948386
6.887368676948386
6.887368676948386
6.887368676948386
6.887368676948386
6.887368676948386
6.887368676948386
6.887368676948386
6.887368676948386
6.887368676948386
6.887368676948386
6.887368676948386
6.887368676948386
6.887368676948386
6.887368676948386
6.887368676948386
6.887368676948386
6.887368676948386
6.887368676948386
6.887368676948386
7.654441528465817
7.751471376860172
7.751471376860172
7.751471376860172
7.751471376860172
9.123476410910877
9.123476410910877
9.123476410910877
9.123476410910877
9.123476410910877
9.123476410910877
9.123476410910877
9.123476410910877
9.123476410910877
9.123476410910877
9.123476410910877
10.666827117602487
10.666827117602487
10.666827117602487
10.666827117602487
10.666827117602487
10.666827117602487
10.666827117602487
10.666827117602487
10.666827117602487
10.666827117602487
10.666827117602487
10.666827117602487
10.666827117602487
10.666827117602487
10.666827117602487
10.666827117602487
10.666827117602487
10.666827117602487
10.666827117602487
10.666827117602487
10.666827117602487
10.666827117602487
10.666827117602487
10.666827117602487
10.666827117602487
10.666827117602487
10.666827117602487
10.666827117602487
10.666827117602487
10.666827117602487
10.666827117602487
10.666827117602487
10.666827117602487
10.666827117602487
10.666827117602487
10.666827117602487
10.666827117602487
10.666827117602487
10.666827117602487
10.666827117602487
10.666827117602487
10.666827117602487
10.666827117602487
10.666827117602487
10.666827117602487
10.666827117602487
10.666827117602487
10.666827117602487
10.666827117602487
10.666827117602487
10.666827117602487
10.666827117602487
10.666827117602487
10.666827117602487
10.666827117602487
10.666827117602487
10.666827117602487
10.666827117602487
10.666827117602487
10.666827117602487
10.666827117602487
10.666827117602487
10.666827117602487
10.666827117602487
10.666827117602487
10.666827117602487
10.666827117602487
10.666827117602487
10.666827117602487
10.666827117602487
10.666827117602487
10.666827117602487
10.666827117602487
10.666827117602487
10.666827117602487
10.666827117602487
10.666827117602487
10.666827117602487
10.666827117602487
10.666827117602487
10.666827117602487
10.666827117602487
10.666827117602487
10.666827117602487
10.666827117602487
10.666827117602487
10.666827117602487
10.666827117602487
10.666827117602487
10.666827117602487
10.666827117602487
10.666827117602487
10.666827117602487
10.666827117602487
10.666827117602487
10.666827117602487
10.666827117602487
10.666827117602487
10.666827117602487
10.666827117602487
10.666827117602487
10.666827117602487
10.666827117602487
10.666827117602487
10.666827117602487
10.666827117602487
10.666827117602487
10.666827117602487
10.666827117602487
10.666827117602487
10.666827117602487
10.666827117602487
10.85174996943079
10.85174996943079
10.85174996943079
10.85174996943079
10.85174996943079
10.85174996943079
10.85174996943079
10.85174996943079
10.85174996943079
10.85174996943079
10.85174996943079
10.85174996943079
10.85174996943079
10.85174996943079
10.85174996943079
10.85174996943079
10.85174996943079
10.85174996943079
10.85174996943079
10.85174996943079
10.88035996027114
12.353522793447134
12.353522793447134
12.353522793447134
12.353522793447134
12.353522793447134
12.353522793447134
12.353522793447134
12.353522793447134
12.353522793447134
12.353522793447134
12.353522793447134
12.353522793447134
12.353522793447134
12.353522793447134
12.353522793447134
12.353522793447134
12.353522793447134
12.353522793447134
12.353522793447134
12.353522793447134
12.353522793447134
12.761316589609718
12.761316589609718
12.761316589609718
12.761316589609718
12.761316589609718
12.761316589609718
12.761316589609718
12.761316589609718
12.761316589609718
12.761316589609718
12.761316589609718
12.761316589609718
12.761316589609718
12.761316589609718
12.761316589609718
12.761316589609718
12.761316589609718
12.761316589609718
12.761316589609718
12.761316589609718
12.761316589609718
12.761316589609718
12.761316589609718
12.761316589609718
12.761316589609718
12.761316589609718
12.761316589609718
12.761316589609718
12.761316589609718
12.761316589609718
12.761316589609718
12.761316589609718
12.761316589609718
12.761316589609718
12.761316589609718
12.761316589609718
12.761316589609718
12.761316589609718
12.761316589609718
13.328128326745084
13.328128326745084
13.328128326745084
13.328128326745084
13.328128326745084
13.328128326745084
13.328128326745084
13.328128326745084
13.328128326745084
13.328128326745084
13.328128326745084
13.328128326745084
13.328128326745084
13.328128326745084
13.328128326745084
13.328128326745084
13.328128326745084
13.328128326745084
13.328128326745084
13.328128326745084
13.328128326745084
13.328128326745084
13.328128326745084
13.328128326745084
13.328128326745084
13.328128326745084
13.328128326745084
13.328128326745084
13.328128326745084
13.328128326745084
13.328128326745084
13.328128326745084
13.328128326745084
13.328128326745084
13.328128326745084
13.328128326745084
13.328128326745084
14.187674553665248
14.187674553665248
14.187674553665248
14.187674553665248
14.187674553665248
14.187674553665248
14.187674553665248
14.187674553665248
14.187674553665248
14.510026674155238
14.510026674155238
14.510026674155238
14.510026674155238
14.510026674155238
14.510026674155238
14.510026674155238
14.510026674155238
14.510026674155238
14.510026674155238
14.510026674155238
14.510026674155238
14.510026674155238
14.510026674155238
14.510026674155238
14.510026674155238
14.510026674155238
14.510026674155238
14.510026674155238
14.510026674155238
14.510026674155238
14.510026674155238
14.510026674155238
14.510026674155238
14.510026674155238
14.510026674155238
14.510026674155238
14.510026674155238
14.510026674155238
14.510026674155238
14.510026674155238
14.510026674155238
14.510026674155238
14.510026674155238
14.510026674155238
14.510026674155238
14.510026674155238
14.510026674155238
14.510026674155238
14.510026674155238
14.510026674155238
14.510026674155238
14.510026674155238
14.510026674155238
14.510026674155238
14.510026674155238
14.510026674155238
14.510026674155238
14.510026674155238
14.510026674155238
14.510026674155238
14.510026674155238
14.510026674155238
14.510026674155238
14.510026674155238
14.510026674155238
14.510026674155238
14.510026674155238
14.510026674155238
14.510026674155238
14.510026674155238
14.510026674155238
14.510026674155238
14.510026674155238
14.510026674155238
14.510026674155238
14.510026674155238
14.510026674155238
14.510026674155238
14.510026674155238
14.510026674155238
14.510026674155238
14.510026674155238
14.510026674155238
14.510026674155238
14.510026674155238
14.510026674155238
14.510026674155238
14.510026674155238
14.510026674155238
14.510026674155238
14.510026674155238
14.510026674155238
14.510026674155238
14.510026674155238
14.510026674155238
14.510026674155238
14.510026674155238
14.510026674155238
14.510026674155238
14.510026674155238
14.510026674155238
14.510026674155238
14.510026674155238
14.510026674155238
14.510026674155238
14.510026674155238
14.510026674155238
14.510026674155238
14.510026674155238
14.510026674155238
14.510026674155238
14.510026674155238
14.510026674155238
14.510026674155238
14.510026674155238
14.510026674155238
14.510026674155238
14.510026674155238
14.510026674155238
14.510026674155238
14.510026674155238
14.510026674155238
14.985709261757687
14.985709261757687
14.985709261757687
14.985709261757687
14.985709261757687
14.985709261757687
14.985709261757687
14.985709261757687
14.985709261757687
14.985709261757687
14.985709261757687
14.985709261757687
14.985709261757687
14.985709261757687
14.985709261757687
14.985709261757687
14.985709261757687
14.985709261757687
14.985709261757687
14.985709261757687
14.985709261757687
14.985709261757687
14.985709261757687
14.985709261757687
14.985709261757687
14.985709261757687
14.985709261757687
14.985709261757687
14.985709261757687
14.985709261757687
14.985709261757687
14.985709261757687
14.985709261757687
14.985709261757687
14.985709261757687
14.985709261757687
14.985709261757687
14.985709261757687
14.985709261757687
14.985709261757687
14.985709261757687
14.985709261757687
14.985709261757687
14.985709261757687
14.985709261757687
14.985709261757687
14.985709261757687
14.985709261757687
14.985709261757687
14.985709261757687
14.985709261757687
14.985709261757687
14.985709261757687
14.985709261757687
14.985709261757687
14.985709261757687
14.985709261757687
14.985709261757687
14.985709261757687
14.985709261757687
14.985709261757687
14.985709261757687
14.985709261757687
14.985709261757687
14.985709261757687
14.985709261757687
14.985709261757687
14.985709261757687
14.985709261757687
14.985709261757687
14.985709261757687
14.985709261757687
14.985709261757687
14.985709261757687
14.985709261757687
14.985709261757687
14.985709261757687
14.985709261757687
