2.601228601770429
2.601228601770429
2.601228601770429
2.601228601770429
2.601228601770429
2.601228601770429
2.601228601770429
2.869215952791166
2.869215952791166
5.098722653794007
5.098722653794007
5.098722653794007
5.098722653794007
5.098722653794007
5.098722653794007
5.098722653794007
5.098722653794007
5.098722653794007
5.098722653794007
5.098722653794007
5.098722653794007
5.098722653794007
5.098722653794007
5.098722653794007
5.098722653794007
5.098722653794007
5.098722653794007
5.098722653794007
5.098722653794007
5.098722653794007
5.098722653794007
5.098722653794007
5.098722653794007
5.098722653794007
5.098722653794007
5.098722653794007
5.098722653794007
5.098722653794007
5.098722653794007
5.098722653794007
5.098722653794007
5.098722653794007
5.098722653794007
5.098722653794007
5.098722653794007
5.098722653794007
5.098722653794007
5.098722653794007
5.098722653794007
5.098722653794007
5.098722653794007
5.098722653794007
5.098722653794007
5.098722653794007
5.098722653794007
5.098722653794007
5.098722653794007
5.098722653794007
5.098722653794007
5.098722653794007
5.098722653794007
5.098722653794007
5.098722653794007
5.098722653794007
5.49967085266824
5.49967085266824
5.49967085266824
5.49967085266824
5.49967085266824
5.49967085266824
5.49967085266824
5.49967085266824
5.49967085266824
5.49967085266824
5.49967085266824
5.49967085266824
5.49967085266824
5.49967085266824
8.458880339791282
8.458880339791282
8.458880339791282
8.458880339791282
8.458880339791282
10.096441567878802
10.096441567878802
10.096441567878802
10.096441567878802
10.096441567878802
10.096441567878802
10.096441567878802
10.096441567878802
10.096441567878802
10.096441567878802
10.096441567878802
10.096441567878802
10.096441567878802
10.096441567878802
11.376300392853977
11.376300392853977
11.376300392853977
11.376300392853977
11.376300392853977
11.376300392853977
11.376300392853977
11.376300392853977
11.376300392853977
11.376300392853977
11.376300392853977
11.376300392853977
11.376300392853977
11.376300392853977
11.376300392853977
11.376300392853977
11.376300392853977
11.376300392853977
11.376300392853977
11.376300392853977
11.376300392853977
11.376300392853977
11.376300392853977
11.376300392853977
11.376300392853977
11.376300392853977
11.376300392853977
11.376300392853977
11.376300392853977
11.376300392853977
11.376300392853977
11.376300392853977
11.376300392853977
11.376300392853977
11.376300392853977
11.376300392853977
11.376300392853977
11.376300392853977
11.376300392853977
11.376300392853977
11.376300392853977
11.376300392853977
11.376300392853977
11.376300392853977
11.376300392853977
11.376300392853977
11.376300392853977
11.376300392853977
11.376300392853977
11.376300392853977
11.376300392853977
11.376300392853977
11.376300392853977
11.376300392853977
11.376300392853977
11.376300392853977
11.376300392853977
11.376300392853977
11.376300392853977
11.376300392853977
11.376300392853977
11.376300392853977
11.376300392853977
11.376300392853977
11.376300392853977
11.376300392853977
11.376300392853977
11.376300392853977
11.376300392853977
11.376300392853977
11.376300392853977
11.376300392853977
11.376300392853977
11.376300392853977
11.376300392853977
11.376300392853977
11.376300392853977
11.376300392853977
11.376300392853977
11.376300392853977
11.376300392853977
11.376300392853977
11.376300392853977
11.376300392853977
11.376300392853977
11.376300392853977
11.376300392853977
11.376300392853977
11.376300392853977
11.376300392853977
11.376300392853977
11.376300392853977
11.376300392853977
12.45591877066035
12.45591877066035
12.45591877066035
12.45591877066035
12.45591877066035
12.45591877066035
12.45591877066035
12.45591877066035
12.45591877066035
12.45591877066035
12.45591877066035
12.45591877066035
12.45591877066035
12.45591877066035
12.45591877066035
12.45591877066035
12.45591877066035
12.45591877066035
12.45591877066035
12.45591877066035
12.45591877066035
12.45591877066035
12.45591877066035
12.45591877066035
12.45591877066035
12.45591877066035
12.45591877066035
12.45591877066035
12.45591877066035
12.45591877066035
12.45591877066035
12.45591877066035
12.45591877066035
12.45591877066035
12.45591877066035
12.45591877066035
12.45591877066035
12.45591877066035
12.45591877066035
12.45591877066035
12.45591877066035
12.45591877066035
12.45591877066035
12.45591877066035
12.45591877066035
12.45591877066035
12.45591877066035
12.45591877066035
12.45591877066035
12.45591877066035
12.45591877066035
12.45591877066035
12.45591877066035
12.45591877066035
12.45591877066035
12.45591877066035
12.45591877066035
12.45591877066035
12.45591877066035
12.45591877066035
12.45591877066035
12.45591877066035
12.45591877066035
12.45591877066035
12.45591877066035
12.45591877066035
12.45591877066035
12.45591877066035
12.45591877066035
12.45591877066035
12.45591877066035
12.45591877066035
12.45591877066035
12.45591877066035
12.45591877066035
12.45591877066035
12.45591877066035
12.45591877066035
12.45591877066035
12.45591877066035
12.9163767312862
12.9163767312862
12.9163767312862
12.9163767312862
12.9163767312862
12.9163767312862
12.9163767312862
12.9163767312862
12.9163767312862
12.9163767312862
12.9163767312862
12.9163767312862
12.9163767312862
12.9163767312862
12.9163767312862
12.9163767312862
12.9163767312862
12.9163767312862
12.9163767312862
12.9163767312862
12.9163767312862
12.9163767312862
13.564789481906933
13.564789481906933
13.564789481906933
13.564789481906933
13.564789481906933
13.564789481906933
13.564789481906933
13.564789481906933
13.564789481906933
13.564789481906933
13.564789481906933
13.564789481906933
13.564789481906933
13.564789481906933
13.564789481906933
13.564789481906933
13.564789481906933
13.564789481906933
13.564789481906933
13.564789481906933
13.564789481906933
13.564789481906933
13.564789481906933
13.564789481906933
13.564789481906933
13.564789481906933
13.564789481906933
13.564789481906933
13.564789481906933
13.564789481906933
13.564789481906933
13.564789481906933
13.564789481906933
13.564789481906933
13.564789481906933
13.564789481906933
13.564789481906933
13.564789481906933
13.564789481906933
13.564789481906933
13.564789481906933
13.564789481906933
13.564789481906933
13.564789481906933
13.564789481906933
13.564789481906933
13.564789481906933
13.564789481906933
13.564789481906933
13.564789481906933
13.564789481906933
13.564789481906933
13.564789481906933
13.564789481906933
13.564789481906933
13.564789481906933
13.564789481906933
13.564789481906933
13.564789481906933
13.564789481906933
13.564789481906933
13.564789481906933
13.564789481906933
13.564789481906933
13.564789481906933
13.564789481906933
13.564789481906933
13.564789481906933
13.564789481906933
13.564789481906933
13.564789481906933
13.564789481906933
13.564789481906933
13.564789481906933
13.564789481906933
13.564789481906933
13.564789481906933
13.564789481906933
13.564789481906933
13.564789481906933
13.564789481906933
13.564789481906933
13.564789481906933
13.564789481906933
13.564789481906933
13.564789481906933
13.564789481906933
13.564789481906933
13.564789481906933
13.564789481906933
13.564789481906933
13.564789481906933
13.564789481906933
13.564789481906933
13.564789481906933
13.564789481906933
13.564789481906933
13.564789481906933
13.564789481906933
13.564789481906933
13.564789481906933
13.564789481906933
13.564789481906933
13.564789481906933
13.564789481906933
13.564789481906933
13.564789481906933
13.564789481906933
13.564789481906933
13.564789481906933
13.564789481906933
13.564789481906933
13.564789481906933
13.564789481906933
13.564789481906933
13.564789481906933
13.564789481906933
13.564789481906933
13.564789481906933
13.564789481906933
13.564789481906933
13.564789481906933
13.564789481906933
13.564789481906933
13.564789481906933
13.564789481906933
13.564789481906933
13.564789481906933
13.564789481906933
13.564789481906933
13.564789481906933
13.564789481906933
13.564789481906933
13.564789481906933
13.564789481906933
13.564789481906933
13.564789481906933
13.564789481906933
13.564789481906933
13.564789481906933
13.564789481906933
13.564789481906933
13.564789481906933
13.564789481906933
13.564789481906933
13.564789481906933
13.564789481906933
13.564789481906933
13.564789481906933
13.564789481906933
13.564789481906933
13.564789481906933
13.564789481906933
13.564789481906933
13.564789481906933
13.564789481906933
13.564789481906933
13.564789481906933
13.564789481906933
13.564789481906933
13.564789481906933
13.564789481906933
13.564789481906933
13.564789481906933
13.564789481906933
13.564789481906933
13.564789481906933
13.564789481906933
13.564789481906933
13.564789481906933
13.564789481906933
13.564789481906933
13.564789481906933
13.564789481906933
13.564789481906933
13.564789481906933
13.564789481906933
13.564789481906933
13.564789481906933
13.564789481906933
13.564789481906933
13.564789481906933
13.564789481906933
13.564789481906933
13.564789481906933
13.564789481906933
13.564789481906933
13.564789481906933
13.564789481906933
13.564789481906933
13.564789481906933
13.564789481906933
13.564789481906933
13.564789481906933
13.564789481906933
13.564789481906933
13.564789481906933
13.564789481906933
13.564789481906933
13.564789481906933
13.564789481906933
13.564789481906933
13.564789481906933
13.564789481906933
13.564789481906933
13.564789481906933
13.564789481906933
22.907696270127854
