10.9445144275511
12.014391235833651
12.014391235833651
12.014391235833651
13.780515971480705
13.780515971480705
13.780515971480705
13.780515971480705
13.780515971480705
13.780515971480705
13.780515971480705
13.780515971480705
14.43162977891845
14.43162977891845
15.117689970992588
15.117689970992588
15.117689970992588
15.117689970992588
15.117689970992588
15.117689970992588
16.011695582364517
16.011695582364517
16.011695582364517
16.011695582364517
16.011695582364517
16.011695582364517
16.011695582364517
16.011695582364517
16.011695582364517
16.011695582364517
16.011695582364517
16.011695582364517
16.011695582364517
16.011695582364517
16.011695582364517
16.011695582364517
16.011695582364517
16.011695582364517
16.011695582364517
16.011695582364517
16.011695582364517
16.011695582364517
16.011695582364517
16.011695582364517
16.011695582364517
16.011695582364517
16.011695582364517
16.011695582364517
16.011695582364517
16.011695582364517
16.011695582364517
16.011695582364517
16.011695582364517
16.011695582364517
16.011695582364517
16.011695582364517
16.011695582364517
16.011695582364517
16.011695582364517
16.011695582364517
16.011695582364517
16.011695582364517
16.011695582364517
16.011695582364517
16.011695582364517
16.011695582364517
16.011695582364517
16.011695582364517
17.24750349406857
17.24750349406857
17.24750349406857
17.24750349406857
17.24750349406857
17.24750349406857
17.24750349406857
17.24750349406857
17.354901873335482
17.354901873335482
17.354901873335482
17.354901873335482
17.354901873335482
17.354901873335482
17.354901873335482
17.354901873335482
17.354901873335482
17.354901873335482
17.354901873335482
17.354901873335482
17.354901873335482
17.354901873335482
17.354901873335482
17.354901873335482
17.354901873335482
17.354901873335482
17.354901873335482
17.354901873335482
17.354901873335482
17.354901873335482
17.354901873335482
17.354901873335482
17.354901873335482
17.354901873335482
18.127338463501122
18.127338463501122
18.127338463501122
18.127338463501122
18.127338463501122
18.127338463501122
18.127338463501122
18.127338463501122
18.127338463501122
18.127338463501122
18.127338463501122
18.127338463501122
18.127338463501122
18.127338463501122
18.127338463501122
18.127338463501122
18.127338463501122
18.127338463501122
18.127338463501122
18.127338463501122
18.127338463501122
18.127338463501122
18.127338463501122
18.127338463501122
18.127338463501122
18.127338463501122
18.127338463501122
18.127338463501122
18.127338463501122
18.127338463501122
18.127338463501122
18.127338463501122
18.127338463501122
18.127338463501122
18.127338463501122
18.127338463501122
18.571621954159546
18.571621954159546
18.571621954159546
18.571621954159546
18.571621954159546
18.571621954159546
18.571621954159546
18.571621954159546
18.571621954159546
18.571621954159546
18.571621954159546
18.571621954159546
18.571621954159546
18.571621954159546
18.571621954159546
18.571621954159546
18.571621954159546
18.571621954159546
20.445384898944095
20.445384898944095
20.445384898944095
20.445384898944095
20.445384898944095
20.445384898944095
20.445384898944095
20.445384898944095
20.445384898944095
20.445384898944095
20.445384898944095
20.445384898944095
20.445384898944095
20.445384898944095
20.445384898944095
20.445384898944095
20.445384898944095
20.445384898944095
20.445384898944095
20.445384898944095
20.445384898944095
20.445384898944095
20.445384898944095
20.445384898944095
20.445384898944095
20.445384898944095
20.445384898944095
20.445384898944095
20.445384898944095
20.445384898944095
20.445384898944095
20.445384898944095
20.445384898944095
20.445384898944095
20.445384898944095
20.445384898944095
20.445384898944095
20.445384898944095
20.445384898944095
20.445384898944095
20.445384898944095
20.445384898944095
20.445384898944095
20.445384898944095
20.445384898944095
20.445384898944095
20.445384898944095
20.445384898944095
20.445384898944095
20.445384898944095
20.445384898944095
20.445384898944095
20.445384898944095
20.445384898944095
20.445384898944095
20.445384898944095
20.445384898944095
20.445384898944095
20.445384898944095
20.445384898944095
20.445384898944095
20.445384898944095
20.445384898944095
20.445384898944095
20.445384898944095
20.445384898944095
20.445384898944095
20.445384898944095
20.445384898944095
20.445384898944095
20.445384898944095
20.445384898944095
20.445384898944095
20.445384898944095
20.445384898944095
20.445384898944095
20.445384898944095
20.86212756993973
20.86212756993973
20.86212756993973
20.86212756993973
20.86212756993973
20.86212756993973
20.86212756993973
20.86212756993973
20.86212756993973
20.86212756993973
20.86212756993973
20.86212756993973
20.86212756993973
20.86212756993973
20.86212756993973
20.86212756993973
20.86212756993973
20.86212756993973
20.86212756993973
20.86212756993973
20.86212756993973
20.86212756993973
20.86212756993973
20.86212756993973
20.86212756993973
20.86212756993973
20.86212756993973
20.863267793208387
20.863267793208387
20.863267793208387
20.863267793208387
20.863267793208387
20.863267793208387
20.863267793208387
20.863267793208387
20.863267793208387
20.863267793208387
20.863267793208387
20.863267793208387
20.863267793208387
20.863267793208387
20.863267793208387
20.863267793208387
20.863267793208387
20.863267793208387
20.863267793208387
20.863267793208387
20.863267793208387
20.863267793208387
20.863267793208387
20.863267793208387
20.863267793208387
20.863267793208387
20.863267793208387
20.863267793208387
20.863267793208387
20.863267793208387
20.863267793208387
20.863267793208387
20.863267793208387
20.863267793208387
20.863267793208387
20.863267793208387
20.863267793208387
20.863267793208387
20.863267793208387
20.863267793208387
20.863267793208387
20.863267793208387
20.863267793208387
20.863267793208387
20.863267793208387
20.863267793208387
20.863267793208387
20.863267793208387
20.863267793208387
20.863267793208387
20.863267793208387
20.863267793208387
20.863267793208387
20.863267793208387
20.863267793208387
20.863267793208387
20.863267793208387
20.863267793208387
20.863267793208387
20.863267793208387
20.863267793208387
20.863267793208387
20.863267793208387
20.863267793208387
20.863267793208387
20.863267793208387
20.863267793208387
20.863267793208387
21.599406643959007
21.599406643959007
21.599406643959007
21.599406643959007
21.599406643959007
21.599406643959007
21.599406643959007
21.599406643959007
21.599406643959007
21.599406643959007
21.599406643959007
21.599406643959007
21.599406643959007
21.599406643959007
21.599406643959007
21.599406643959007
21.599406643959007
21.599406643959007
21.599406643959007
21.599406643959007
21.599406643959007
21.599406643959007
21.599406643959007
21.599406643959007
21.599406643959007
21.599406643959007
21.599406643959007
21.599406643959007
21.599406643959007
21.599406643959007
21.599406643959007
21.599406643959007
21.599406643959007
21.599406643959007
21.599406643959007
21.599406643959007
21.599406643959007
21.599406643959007
21.599406643959007
21.599406643959007
21.599406643959007
21.599406643959007
21.599406643959007
21.599406643959007
21.599406643959007
21.599406643959007
21.599406643959007
21.599406643959007
21.599406643959007
21.706865861370595
21.706865861370595
21.706865861370595
21.706865861370595
21.706865861370595
21.706865861370595
21.706865861370595
21.706865861370595
21.706865861370595
21.706865861370595
21.706865861370595
21.706865861370595
21.706865861370595
21.706865861370595
21.706865861370595
21.706865861370595
21.706865861370595
21.706865861370595
21.706865861370595
21.706865861370595
21.706865861370595
21.706865861370595
21.706865861370595
21.706865861370595
21.706865861370595
21.706865861370595
21.706865861370595
21.706865861370595
21.706865861370595
21.706865861370595
21.706865861370595
21.706865861370595
21.706865861370595
21.706865861370595
21.706865861370595
21.706865861370595
21.706865861370595
21.706865861370595
21.706865861370595
21.706865861370595
21.706865861370595
21.706865861370595
21.706865861370595
21.706865861370595
21.706865861370595
21.706865861370595
21.706865861370595
21.706865861370595
21.706865861370595
21.706865861370595
21.706865861370595
21.706865861370595
21.706865861370595
21.706865861370595
21.706865861370595
21.706865861370595
21.706865861370595
21.706865861370595
21.706865861370595
21.706865861370595
21.706865861370595
21.706865861370595
21.706865861370595
21.706865861370595
21.706865861370595
22.891087495664156
22.891087495664156
22.891087495664156
22.891087495664156
22.891087495664156
22.891087495664156
22.891087495664156
22.891087495664156
22.891087495664156
22.891087495664156
22.891087495664156
22.891087495664156
22.891087495664156
22.891087495664156
22.891087495664156
22.891087495664156
22.891087495664156
22.891087495664156
22.891087495664156
22.891087495664156
22.891087495664156
22.891087495664156
22.891087495664156
22.891087495664156
22.891087495664156
22.891087495664156
22.891087495664156
22.891087495664156
22.891087495664156
22.891087495664156
22.891087495664156
22.891087495664156
22.891087495664156
22.891087495664156
22.891087495664156
22.891087495664156
22.891087495664156
22.891087495664156
22.891087495664156
22.891087495664156
22.891087495664156
22.891087495664156
22.891087495664156
22.891087495664156
22.891087495664156
22.891087495664156
22.891087495664156
22.891087495664156
22.891087495664156
22.891087495664156
22.891087495664156
22.891087495664156
22.891087495664156
22.891087495664156
22.891087495664156
22.891087495664156
22.891087495664156
22.891087495664156
22.891087495664156
