3.3039394773697004
3.3039394773697004
5.288449602853748
5.288449602853748
5.288449602853748
5.288449602853748
5.288449602853748
6.216278820384404
7.162618609551252
7.162618609551252
7.162618609551252
7.162618609551252
7.162618609551252
7.162618609551252
7.162618609551252
7.162618609551252
7.671031193066522
7.671031193066522
7.671031193066522
7.671031193066522
7.671031193066522
7.671031193066522
7.671031193066522
7.671031193066522
7.671031193066522
7.671031193066522
7.671031193066522
7.671031193066522
7.671031193066522
7.671031193066522
7.671031193066522
7.671031193066522
7.671031193066522
7.671031193066522
7.671031193066522
7.671031193066522
7.671031193066522
7.671031193066522
7.671031193066522
7.671031193066522
7.671031193066522
7.671031193066522
7.671031193066522
7.671031193066522
7.671031193066522
7.671031193066522
7.671031193066522
7.671031193066522
7.671031193066522
7.671031193066522
7.671031193066522
7.671031193066522
7.671031193066522
7.671031193066522
7.671031193066522
7.671031193066522
7.671031193066522
7.671031193066522
7.671031193066522
7.893921175798282
7.893921175798282
7.893921175798282
7.9540537515536185
7.9540537515536185
7.9540537515536185
7.9540537515536185
7.9540537515536185
7.9540537515536185
7.9540537515536185
8.146277072837679
8.146277072837679
8.146277072837679
8.146277072837679
8.146277072837679
8.146277072837679
8.146277072837679
8.146277072837679
8.146277072837679
8.146277072837679
8.146277072837679
8.146277072837679
8.146277072837679
8.146277072837679
8.146277072837679
8.146277072837679
8.146277072837679
8.146277072837679
8.146277072837679
8.146277072837679
8.146277072837679
8.146277072837679
8.146277072837679
8.146277072837679
8.146277072837679
8.146277072837679
8.146277072837679
8.146277072837679
8.146277072837679
8.146277072837679
8.146277072837679
8.146277072837679
8.146277072837679
8.146277072837679
8.146277072837679
8.146277072837679
8.146277072837679
8.146277072837679
8.146277072837679
8.146277072837679
8.146277072837679
8.146277072837679
8.531586885218932
8.531586885218932
8.531586885218932
8.531586885218932
8.531586885218932
8.531586885218932
8.531586885218932
8.531586885218932
8.531586885218932
8.531586885218932
8.531586885218932
8.531586885218932
8.531586885218932
8.531586885218932
8.531586885218932
8.531586885218932
8.531586885218932
8.531586885218932
8.531586885218932
8.531586885218932
8.531586885218932
8.531586885218932
8.531586885218932
8.531586885218932
8.531586885218932
8.531586885218932
8.531586885218932
8.531586885218932
8.531586885218932
8.531586885218932
8.531586885218932
8.531586885218932
8.531586885218932
8.531586885218932
8.531586885218932
8.531586885218932
8.531586885218932
8.531586885218932
8.531586885218932
8.531586885218932
8.531586885218932
8.531586885218932
8.531586885218932
8.531586885218932
8.531586885218932
8.531586885218932
8.531586885218932
8.531586885218932
8.531586885218932
8.531586885218932
8.531586885218932
8.531586885218932
8.531586885218932
8.531586885218932
8.531586885218932
8.531586885218932
8.531586885218932
8.531586885218932
8.531586885218932
8.531586885218932
8.531586885218932
8.531586885218932
8.531586885218932
8.531586885218932
8.531586885218932
8.531586885218932
8.531586885218932
8.531586885218932
8.531586885218932
8.531586885218932
8.531586885218932
8.531586885218932
8.531586885218932
8.531586885218932
8.531586885218932
8.531586885218932
8.531586885218932
8.531586885218932
8.531586885218932
8.531586885218932
8.531586885218932
8.531586885218932
8.531586885218932
8.531586885218932
8.531586885218932
8.531586885218932
8.531586885218932
8.531586885218932
8.531586885218932
8.531586885218932
8.531586885218932
8.531586885218932
8.531586885218932
8.531586885218932
8.531586885218932
8.531586885218932
8.531586885218932
8.531586885218932
8.531586885218932
8.531586885218932
8.531586885218932
8.531586885218932
8.531586885218932
8.531586885218932
8.531586885218932
8.531586885218932
8.531586885218932
9.154188141033327
9.154188141033327
9.154188141033327
9.154188141033327
9.154188141033327
9.154188141033327
9.154188141033327
9.154188141033327
9.154188141033327
9.154188141033327
9.154188141033327
9.154188141033327
9.154188141033327
9.154188141033327
9.154188141033327
9.154188141033327
9.154188141033327
9.154188141033327
9.154188141033327
9.154188141033327
9.154188141033327
9.154188141033327
9.154188141033327
9.154188141033327
9.154188141033327
9.154188141033327
9.154188141033327
9.154188141033327
9.154188141033327
9.154188141033327
9.154188141033327
9.154188141033327
9.154188141033327
9.154188141033327
9.154188141033327
9.154188141033327
9.154188141033327
9.154188141033327
9.154188141033327
9.154188141033327
9.154188141033327
9.154188141033327
9.154188141033327
9.154188141033327
9.154188141033327
9.154188141033327
9.154188141033327
9.154188141033327
9.154188141033327
9.154188141033327
9.154188141033327
9.154188141033327
9.154188141033327
9.154188141033327
9.154188141033327
9.154188141033327
9.154188141033327
9.154188141033327
9.154188141033327
9.154188141033327
9.154188141033327
9.154188141033327
9.154188141033327
9.154188141033327
9.154188141033327
9.154188141033327
9.154188141033327
9.154188141033327
9.154188141033327
9.154188141033327
9.154188141033327
9.154188141033327
9.154188141033327
9.154188141033327
9.154188141033327
9.154188141033327
9.154188141033327
9.154188141033327
9.154188141033327
9.154188141033327
9.154188141033327
9.154188141033327
9.154188141033327
9.154188141033327
9.154188141033327
9.154188141033327
9.154188141033327
9.154188141033327
9.154188141033327
9.154188141033327
9.154188141033327
9.154188141033327
9.154188141033327
9.154188141033327
9.154188141033327
9.154188141033327
9.154188141033327
9.154188141033327
9.154188141033327
9.154188141033327
9.154188141033327
9.154188141033327
9.154188141033327
9.154188141033327
9.154188141033327
9.154188141033327
9.154188141033327
9.154188141033327
9.154188141033327
9.154188141033327
9.154188141033327
9.154188141033327
9.154188141033327
9.154188141033327
9.154188141033327
9.154188141033327
9.154188141033327
9.154188141033327
9.154188141033327
9.154188141033327
9.154188141033327
9.154188141033327
9.154188141033327
9.154188141033327
9.154188141033327
9.154188141033327
9.154188141033327
9.154188141033327
9.154188141033327
9.154188141033327
9.154188141033327
9.154188141033327
9.154188141033327
9.154188141033327
9.154188141033327
9.154188141033327
9.154188141033327
9.154188141033327
9.154188141033327
9.154188141033327
9.154188141033327
9.154188141033327
9.154188141033327
9.154188141033327
9.154188141033327
9.154188141033327
9.154188141033327
9.154188141033327
9.154188141033327
9.154188141033327
9.154188141033327
9.154188141033327
9.154188141033327
9.154188141033327
9.154188141033327
9.154188141033327
9.154188141033327
9.154188141033327
9.154188141033327
9.154188141033327
9.154188141033327
9.154188141033327
9.154188141033327
9.154188141033327
9.154188141033327
9.154188141033327
9.154188141033327
9.154188141033327
9.154188141033327
9.154188141033327
9.154188141033327
9.154188141033327
9.154188141033327
9.154188141033327
9.154188141033327
9.154188141033327
9.154188141033327
9.154188141033327
9.154188141033327
9.154188141033327
9.154188141033327
9.154188141033327
9.154188141033327
9.154188141033327
9.265967739382821
9.265967739382821
9.265967739382821
9.265967739382821
9.265967739382821
9.265967739382821
9.265967739382821
9.265967739382821
9.265967739382821
9.265967739382821
9.265967739382821
9.265967739382821
9.265967739382821
9.265967739382821
9.265967739382821
9.265967739382821
9.265967739382821
9.265967739382821
9.265967739382821
9.265967739382821
9.265967739382821
9.265967739382821
9.265967739382821
9.265967739382821
9.265967739382821
9.265967739382821
9.265967739382821
9.265967739382821
9.265967739382821
9.265967739382821
9.265967739382821
9.265967739382821
9.265967739382821
9.265967739382821
9.265967739382821
9.265967739382821
9.265967739382821
9.265967739382821
9.265967739382821
9.265967739382821
9.265967739382821
9.265967739382821
9.265967739382821
9.265967739382821
9.265967739382821
9.265967739382821
9.265967739382821
9.265967739382821
9.265967739382821
9.265967739382821
9.265967739382821
9.265967739382821
9.265967739382821
9.265967739382821
9.265967739382821
9.265967739382821
9.265967739382821
9.265967739382821
9.265967739382821
9.265967739382821
9.265967739382821
9.265967739382821
9.265967739382821
9.265967739382821
9.265967739382821
9.265967739382821
9.265967739382821
9.265967739382821
9.265967739382821
9.265967739382821
9.265967739382821
9.265967739382821
9.265967739382821
9.265967739382821
9.265967739382821
9.265967739382821
9.265967739382821
9.265967739382821
9.265967739382821
9.265967739382821
9.265967739382821
9.265967739382821
9.265967739382821
9.265967739382821
9.265967739382821
9.265967739382821
9.265967739382821
9.265967739382821
9.265967739382821
9.265967739382821
9.265967739382821
9.265967739382821
9.265967739382821
9.265967739382821
9.265967739382821
9.265967739382821
9.265967739382821
9.265967739382821
9.265967739382821
