4.477536032149251
4.477536032149251
4.477536032149251
5.992933570409995
5.992933570409995
5.992933570409995
5.992933570409995
5.992933570409995
5.992933570409995
5.992933570409995
5.992933570409995
5.992933570409995
5.992933570409995
5.992933570409995
5.992933570409995
5.992933570409995
5.992933570409995
5.992933570409995
5.992933570409995
5.992933570409995
5.992933570409995
5.992933570409995
5.992933570409995
5.992933570409995
5.992933570409995
5.992933570409995
5.992933570409995
5.992933570409995
5.992933570409995
5.992933570409995
5.992933570409995
5.992933570409995
5.992933570409995
5.992933570409995
5.992933570409995
6.818831199830899
6.818831199830899
6.818831199830899
6.818831199830899
6.818831199830899
6.818831199830899
6.818831199830899
6.818831199830899
7.165998538507955
7.165998538507955
7.165998538507955
7.165998538507955
7.165998538507955
7.165998538507955
7.165998538507955
7.165998538507955
7.165998538507955
7.165998538507955
7.165998538507955
7.165998538507955
7.165998538507955
7.165998538507955
7.165998538507955
7.165998538507955
7.956835108269577
7.956835108269577
7.956835108269577
7.956835108269577
7.956835108269577
7.956835108269577
8.505496987635842
8.505496987635842
8.505496987635842
8.505496987635842
8.505496987635842
8.505496987635842
8.505496987635842
8.505496987635842
8.505496987635842
8.505496987635842
8.505496987635842
8.505496987635842
8.505496987635842
8.505496987635842
8.505496987635842
8.505496987635842
8.505496987635842
8.505496987635842
8.505496987635842
8.505496987635842
8.505496987635842
8.505496987635842
8.505496987635842
8.505496987635842
8.505496987635842
8.505496987635842
8.505496987635842
8.505496987635842
8.505496987635842
8.505496987635842
8.505496987635842
8.505496987635842
8.505496987635842
8.505496987635842
8.505496987635842
8.505496987635842
8.505496987635842
8.505496987635842
8.505496987635842
8.505496987635842
8.505496987635842
8.505496987635842
8.505496987635842
8.505496987635842
8.505496987635842
8.505496987635842
8.505496987635842
8.505496987635842
8.505496987635842
8.505496987635842
8.505496987635842
8.505496987635842
8.505496987635842
8.505496987635842
8.505496987635842
8.505496987635842
8.505496987635842
8.505496987635842
8.505496987635842
8.505496987635842
8.505496987635842
8.505496987635842
8.505496987635842
8.505496987635842
8.505496987635842
8.505496987635842
8.505496987635842
8.505496987635842
8.505496987635842
8.505496987635842
8.505496987635842
8.505496987635842
8.505496987635842
8.505496987635842
8.505496987635842
8.505496987635842
8.505496987635842
8.505496987635842
8.505496987635842
8.505496987635842
8.505496987635842
8.505496987635842
8.505496987635842
8.505496987635842
8.505496987635842
8.505496987635842
8.505496987635842
8.505496987635842
8.505496987635842
8.505496987635842
8.505496987635842
8.505496987635842
8.505496987635842
8.505496987635842
8.505496987635842
8.505496987635842
8.505496987635842
8.505496987635842
8.505496987635842
8.505496987635842
8.505496987635842
8.505496987635842
8.505496987635842
8.505496987635842
8.505496987635842
8.505496987635842
8.505496987635842
8.505496987635842
8.505496987635842
8.505496987635842
8.505496987635842
8.505496987635842
8.505496987635842
8.505496987635842
8.505496987635842
8.505496987635842
8.505496987635842
8.505496987635842
8.505496987635842
8.505496987635842
8.505496987635842
8.505496987635842
8.505496987635842
8.505496987635842
8.505496987635842
8.505496987635842
8.505496987635842
8.505496987635842
8.505496987635842
8.505496987635842
8.505496987635842
8.505496987635842
8.505496987635842
8.505496987635842
8.505496987635842
8.505496987635842
8.505496987635842
8.505496987635842
8.505496987635842
8.505496987635842
8.505496987635842
8.505496987635842
8.505496987635842
8.505496987635842
8.505496987635842
8.505496987635842
8.505496987635842
8.505496987635842
8.505496987635842
8.505496987635842
8.505496987635842
8.505496987635842
8.505496987635842
8.505496987635842
8.505496987635842
8.505496987635842
8.505496987635842
8.505496987635842
8.505496987635842
8.505496987635842
8.505496987635842
8.505496987635842
8.505496987635842
8.505496987635842
8.505496987635842
8.505496987635842
8.505496987635842
8.505496987635842
8.505496987635842
8.505496987635842
8.505496987635842
8.505496987635842
8.505496987635842
8.505496987635842
8.505496987635842
8.505496987635842
8.505496987635842
8.505496987635842
8.505496987635842
8.505496987635842
8.505496987635842
8.821466760689136
8.821466760689136
8.821466760689136
8.821466760689136
8.821466760689136
8.821466760689136
8.821466760689136
8.821466760689136
8.821466760689136
8.821466760689136
8.821466760689136
8.821466760689136
8.821466760689136
8.821466760689136
8.821466760689136
8.821466760689136
8.821466760689136
8.821466760689136
8.821466760689136
8.821466760689136
8.821466760689136
8.821466760689136
8.821466760689136
8.821466760689136
8.821466760689136
8.821466760689136
8.821466760689136
8.821466760689136
8.821466760689136
8.821466760689136
8.821466760689136
8.821466760689136
8.821466760689136
8.821466760689136
8.821466760689136
8.821466760689136
8.821466760689136
8.821466760689136
8.821466760689136
8.821466760689136
8.821466760689136
8.821466760689136
8.821466760689136
8.821466760689136
8.821466760689136
8.821466760689136
8.821466760689136
8.821466760689136
8.821466760689136
8.821466760689136
8.821466760689136
8.821466760689136
8.821466760689136
8.821466760689136
8.821466760689136
8.821466760689136
8.821466760689136
8.821466760689136
8.821466760689136
8.821466760689136
8.821466760689136
8.821466760689136
8.821466760689136
8.821466760689136
8.821466760689136
8.821466760689136
8.821466760689136
8.821466760689136
8.821466760689136
8.821466760689136
8.821466760689136
8.821466760689136
8.821466760689136
8.821466760689136
8.821466760689136
8.821466760689136
8.821466760689136
8.821466760689136
8.821466760689136
8.821466760689136
8.821466760689136
8.821466760689136
8.821466760689136
8.821466760689136
8.821466760689136
8.821466760689136
8.821466760689136
8.821466760689136
8.821466760689136
8.821466760689136
8.821466760689136
8.821466760689136
8.821466760689136
8.821466760689136
8.821466760689136
8.821466760689136
8.821466760689136
8.821466760689136
8.821466760689136
8.821466760689136
8.821466760689136
8.821466760689136
8.821466760689136
8.821466760689136
8.821466760689136
8.821466760689136
8.821466760689136
8.821466760689136
8.821466760689136
9.23765417567457
9.23765417567457
9.23765417567457
9.23765417567457
9.23765417567457
9.23765417567457
9.23765417567457
9.23765417567457
9.23765417567457
9.23765417567457
9.23765417567457
9.23765417567457
9.23765417567457
9.23765417567457
9.23765417567457
9.23765417567457
9.23765417567457
9.23765417567457
9.23765417567457
9.23765417567457
9.23765417567457
9.23765417567457
9.23765417567457
9.23765417567457
9.23765417567457
9.23765417567457
9.23765417567457
9.23765417567457
9.23765417567457
9.23765417567457
9.23765417567457
9.23765417567457
9.23765417567457
9.23765417567457
9.23765417567457
9.23765417567457
9.23765417567457
9.23765417567457
9.23765417567457
9.23765417567457
9.23765417567457
9.23765417567457
9.23765417567457
9.23765417567457
9.23765417567457
9.23765417567457
9.23765417567457
9.23765417567457
9.23765417567457
9.23765417567457
9.23765417567457
9.23765417567457
9.23765417567457
9.23765417567457
9.23765417567457
9.23765417567457
9.23765417567457
9.23765417567457
9.23765417567457
9.23765417567457
9.23765417567457
9.23765417567457
9.23765417567457
9.23765417567457
9.23765417567457
9.23765417567457
9.23765417567457
9.23765417567457
9.23765417567457
9.23765417567457
9.23765417567457
9.23765417567457
9.23765417567457
9.23765417567457
9.23765417567457
9.23765417567457
9.23765417567457
9.23765417567457
9.23765417567457
9.23765417567457
9.23765417567457
9.23765417567457
9.23765417567457
9.23765417567457
9.23765417567457
9.23765417567457
9.23765417567457
9.23765417567457
9.23765417567457
9.23765417567457
9.23765417567457
9.23765417567457
9.23765417567457
9.23765417567457
9.23765417567457
9.23765417567457
9.23765417567457
9.23765417567457
9.23765417567457
9.23765417567457
9.23765417567457
9.23765417567457
9.23765417567457
9.23765417567457
9.23765417567457
9.23765417567457
9.23765417567457
9.23765417567457
9.23765417567457
9.23765417567457
9.67768666850759
9.67768666850759
9.67768666850759
9.67768666850759
9.67768666850759
9.67768666850759
9.67768666850759
9.67768666850759
9.67768666850759
9.67768666850759
9.67768666850759
9.67768666850759
9.67768666850759
9.67768666850759
9.67768666850759
9.67768666850759
9.67768666850759
9.67768666850759
9.67768666850759
9.67768666850759
9.67768666850759
9.67768666850759
9.67768666850759
9.67768666850759
9.67768666850759
9.67768666850759
9.67768666850759
9.67768666850759
9.67768666850759
9.67768666850759
9.67768666850759
9.67768666850759
10.137962342529237
10.137962342529237
10.137962342529237
10.137962342529237
