3.0854668541793115
3.0854668541793115
3.0854668541793115
3.0854668541793115
4.1933519751746084
4.1933519751746084
4.1933519751746084
4.202321883932471
4.202321883932471
4.202321883932471
4.202321883932471
4.202321883932471
4.202321883932471
4.202321883932471
4.202321883932471
4.202321883932471
4.202321883932471
4.202321883932471
4.202321883932471
4.202321883932471
4.202321883932471
4.20398232337388
4.20398232337388
4.20398232337388
4.20398232337388
4.20398232337388
4.325452442218697
4.325452442218697
4.325452442218697
4.325452442218697
4.605156506410917
4.605156506410917
4.670529685279076
4.670529685279076
4.670529685279076
4.670529685279076
4.670529685279076
4.670529685279076
6.051202186954777
6.051202186954777
6.051202186954777
6.051202186954777
6.051202186954777
6.051202186954777
6.051202186954777
6.051202186954777
6.051202186954777
6.051202186954777
6.051202186954777
6.051202186954777
6.051202186954777
6.15336637115862
6.15336637115862
6.15336637115862
6.15336637115862
6.15336637115862
6.15336637115862
6.15336637115862
6.459585258688831
6.459585258688831
6.459585258688831
6.459585258688831
8.615392835415168
10.070943755731847
10.070943755731847
10.070943755731847
10.547565274887111
10.866377383723353
11.854178012125804
11.854178012125804
11.854178012125804
11.854178012125804
11.854178012125804
11.854178012125804
11.854178012125804
11.854178012125804
11.854178012125804
11.854178012125804
11.854178012125804
11.854178012125804
11.854178012125804
11.854178012125804
11.854178012125804
11.854178012125804
11.854178012125804
11.854178012125804
11.854178012125804
11.854178012125804
11.854178012125804
11.854178012125804
11.854178012125804
11.854178012125804
11.854178012125804
11.854178012125804
11.854178012125804
11.854178012125804
11.854178012125804
11.854178012125804
11.854178012125804
11.854178012125804
11.854178012125804
11.854178012125804
11.854178012125804
11.854178012125804
11.854178012125804
11.854178012125804
11.854178012125804
11.854178012125804
11.854178012125804
11.854178012125804
11.854178012125804
11.854178012125804
11.854178012125804
11.916387497676357
12.71110728918983
12.71110728918983
12.71110728918983
13.782772997695911
13.782772997695911
13.782772997695911
13.782772997695911
13.782772997695911
13.782772997695911
13.782772997695911
14.029753247476778
14.029753247476778
14.029753247476778
14.029753247476778
14.029753247476778
14.029753247476778
14.029753247476778
14.029753247476778
14.029753247476778
14.029753247476778
14.029753247476778
14.029753247476778
14.029753247476778
14.029753247476778
14.029753247476778
14.029753247476778
14.029753247476778
14.029753247476778
14.029753247476778
14.029753247476778
14.029753247476778
14.029753247476778
14.029753247476778
14.029753247476778
14.029753247476778
14.029753247476778
14.029753247476778
14.029753247476778
14.029753247476778
14.029753247476778
14.029753247476778
14.029753247476778
14.029753247476778
14.029753247476778
14.029753247476778
14.029753247476778
14.029753247476778
14.029753247476778
14.029753247476778
14.029753247476778
14.029753247476778
14.029753247476778
14.029753247476778
14.029753247476778
14.029753247476778
14.029753247476778
14.029753247476778
14.029753247476778
14.029753247476778
14.029753247476778
14.029753247476778
14.029753247476778
14.029753247476778
14.029753247476778
14.029753247476778
14.029753247476778
14.029753247476778
14.029753247476778
14.029753247476778
14.029753247476778
14.029753247476778
14.029753247476778
14.029753247476778
14.029753247476778
14.029753247476778
14.66652702822553
14.66652702822553
14.66652702822553
14.66652702822553
14.66652702822553
14.66652702822553
14.66652702822553
14.66652702822553
14.66652702822553
14.66652702822553
14.66652702822553
14.66652702822553
14.66652702822553
14.66652702822553
14.66652702822553
14.66652702822553
14.66652702822553
14.66652702822553
14.66652702822553
14.66652702822553
14.66652702822553
14.66652702822553
14.66652702822553
14.66652702822553
14.66652702822553
14.66652702822553
14.66652702822553
14.66652702822553
14.66652702822553
14.66652702822553
14.66652702822553
14.66652702822553
14.66652702822553
14.66652702822553
14.66652702822553
14.66652702822553
14.66652702822553
14.66652702822553
14.66652702822553
14.66652702822553
14.66652702822553
14.66652702822553
14.66652702822553
14.66652702822553
14.66652702822553
14.66652702822553
14.66652702822553
14.66652702822553
14.66652702822553
14.66652702822553
14.66652702822553
14.66652702822553
14.66652702822553
14.66652702822553
14.66652702822553
14.66652702822553
14.66652702822553
14.66652702822553
14.66652702822553
14.66652702822553
14.66652702822553
14.66652702822553
14.66652702822553
14.66652702822553
14.66652702822553
14.66652702822553
14.66652702822553
14.66652702822553
14.66652702822553
14.66652702822553
14.66652702822553
14.66652702822553
14.66652702822553
14.66652702822553
14.66652702822553
14.66652702822553
14.66652702822553
14.66652702822553
14.66652702822553
14.66652702822553
14.66652702822553
14.66652702822553
14.66652702822553
14.66652702822553
14.66652702822553
14.66652702822553
14.66652702822553
14.66652702822553
14.66652702822553
14.66652702822553
14.66652702822553
14.66652702822553
14.66652702822553
14.66652702822553
14.66652702822553
14.66652702822553
15.715615801396794
15.715615801396794
15.715615801396794
15.715615801396794
15.715615801396794
15.715615801396794
15.715615801396794
15.715615801396794
15.715615801396794
15.715615801396794
15.715615801396794
15.715615801396794
15.715615801396794
15.715615801396794
15.715615801396794
15.715615801396794
15.715615801396794
15.715615801396794
15.715615801396794
15.715615801396794
15.715615801396794
15.715615801396794
15.715615801396794
15.715615801396794
15.715615801396794
15.715615801396794
15.715615801396794
15.715615801396794
15.715615801396794
15.715615801396794
15.715615801396794
15.715615801396794
15.715615801396794
15.715615801396794
15.715615801396794
15.715615801396794
15.715615801396794
15.715615801396794
15.715615801396794
15.715615801396794
15.715615801396794
15.715615801396794
15.715615801396794
15.715615801396794
15.715615801396794
15.715615801396794
15.715615801396794
15.715615801396794
15.715615801396794
15.715615801396794
15.715615801396794
15.715615801396794
15.744438481596836
15.744438481596836
15.744438481596836
16.75579852352305
16.75579852352305
16.75579852352305
16.75579852352305
16.75579852352305
16.75579852352305
16.75579852352305
16.75579852352305
16.75579852352305
16.75579852352305
16.75579852352305
16.75579852352305
16.75579852352305
16.75579852352305
16.75579852352305
16.75579852352305
16.75579852352305
16.75579852352305
16.75579852352305
16.75579852352305
16.75579852352305
16.75579852352305
16.75579852352305
16.75579852352305
16.75579852352305
16.75579852352305
16.75579852352305
16.75579852352305
16.75579852352305
16.75579852352305
16.75579852352305
16.75579852352305
16.75579852352305
16.75579852352305
16.75579852352305
16.75579852352305
16.75579852352305
16.75579852352305
16.75579852352305
16.75579852352305
17.223471824102333
17.223471824102333
17.223471824102333
17.223471824102333
17.223471824102333
17.223471824102333
17.223471824102333
17.223471824102333
17.223471824102333
17.223471824102333
17.223471824102333
17.223471824102333
17.223471824102333
17.223471824102333
17.223471824102333
17.223471824102333
17.223471824102333
17.223471824102333
17.223471824102333
17.223471824102333
17.223471824102333
17.34311559489797
17.34311559489797
17.34311559489797
17.34311559489797
17.34311559489797
17.34311559489797
17.34311559489797
17.34311559489797
17.34311559489797
17.34311559489797
17.34311559489797
17.34311559489797
17.34311559489797
17.34311559489797
17.34311559489797
17.34311559489797
17.34311559489797
17.34311559489797
17.34311559489797
17.34311559489797
17.34311559489797
17.34311559489797
17.34311559489797
17.34311559489797
17.34311559489797
17.34311559489797
17.34311559489797
17.34311559489797
17.34311559489797
17.34311559489797
17.34311559489797
17.34311559489797
17.34311559489797
17.34311559489797
17.34311559489797
17.34311559489797
17.34311559489797
17.34311559489797
17.34311559489797
17.34311559489797
17.34311559489797
17.34311559489797
17.34311559489797
17.34311559489797
17.34311559489797
17.34311559489797
17.34311559489797
17.34311559489797
17.34311559489797
17.34311559489797
17.34311559489797
17.34311559489797
17.34311559489797
17.34311559489797
17.34311559489797
17.34311559489797
17.34311559489797
17.34311559489797
17.34311559489797
17.34311559489797
17.34311559489797
17.34311559489797
17.34311559489797
17.34311559489797
17.34311559489797
17.34311559489797
17.34311559489797
17.34311559489797
17.34311559489797
18.66591502829604
18.66591502829604
18.66591502829604
18.66591502829604
18.66591502829604
18.66591502829604
18.66591502829604
18.66591502829604
18.66591502829604
18.66591502829604
18.66591502829604
18.66591502829604
18.66591502829604
18.66591502829604
18.66591502829604
18.66591502829604
18.66591502829604
18.66591502829604
18.66591502829604
18.66591502829604
18.66591502829604
18.66591502829604
18.66591502829604
18.66591502829604
18.66591502829604
18.66591502829604
18.66591502829604
18.66591502829604
18.66591502829604
18.66591502829604
18.66591502829604
