1.5762023354376702
1.5762023354376702
1.5762023354376702
5.732540636309758
5.732540636309758
6.793797097394248
6.793797097394248
6.793797097394248
6.793797097394248
6.793797097394248
6.793797097394248
11.801976748665878
11.801976748665878
11.801976748665878
11.801976748665878
11.801976748665878
11.801976748665878
11.801976748665878
14.763553936587359
14.763553936587359
14.763553936587359
14.763553936587359
16.347583576776984
16.347583576776984
16.347583576776984
16.347583576776984
16.347583576776984
16.347583576776984
16.347583576776984
16.347583576776984
16.347583576776984
16.347583576776984
16.347583576776984
16.347583576776984
16.347583576776984
16.347583576776984
16.347583576776984
16.347583576776984
16.347583576776984
16.347583576776984
16.347583576776984
16.347583576776984
16.347583576776984
16.347583576776984
16.347583576776984
16.347583576776984
16.347583576776984
16.347583576776984
16.347583576776984
16.347583576776984
16.347583576776984
16.347583576776984
16.347583576776984
16.347583576776984
16.347583576776984
16.347583576776984
16.347583576776984
16.347583576776984
16.347583576776984
16.347583576776984
16.347583576776984
16.347583576776984
16.347583576776984
16.347583576776984
16.347583576776984
16.347583576776984
16.347583576776984
16.347583576776984
16.347583576776984
16.347583576776984
16.347583576776984
16.347583576776984
16.347583576776984
16.347583576776984
16.347583576776984
16.347583576776984
16.347583576776984
16.347583576776984
16.347583576776984
16.347583576776984
16.347583576776984
16.347583576776984
16.347583576776984
16.347583576776984
16.347583576776984
16.347583576776984
16.347583576776984
16.347583576776984
16.347583576776984
16.479206385273738
16.479206385273738
16.479206385273738
16.479206385273738
16.479206385273738
16.479206385273738
16.479206385273738
16.479206385273738
16.479206385273738
16.479206385273738
16.479206385273738
16.479206385273738
16.479206385273738
16.479206385273738
16.479206385273738
16.479206385273738
16.479206385273738
16.479206385273738
16.479206385273738
16.479206385273738
16.479206385273738
16.479206385273738
16.479206385273738
16.479206385273738
16.479206385273738
16.479206385273738
16.479206385273738
16.479206385273738
16.479206385273738
16.479206385273738
17.115210425885415
17.115210425885415
17.115210425885415
17.115210425885415
17.115210425885415
17.115210425885415
17.115210425885415
17.115210425885415
17.115210425885415
17.115210425885415
17.115210425885415
20.50471691789438
20.50471691789438
20.50471691789438
20.50471691789438
20.50471691789438
20.50471691789438
20.50471691789438
20.50471691789438
20.50471691789438
20.50471691789438
20.50471691789438
20.50471691789438
20.50471691789438
21.229861402959536
21.229861402959536
21.229861402959536
21.229861402959536
21.229861402959536
21.229861402959536
21.229861402959536
21.229861402959536
21.229861402959536
21.229861402959536
21.229861402959536
21.229861402959536
22.1039710900275
22.1039710900275
22.1039710900275
22.1039710900275
22.1039710900275
22.1039710900275
22.1039710900275
22.1039710900275
22.1039710900275
22.1039710900275
22.1039710900275
22.1039710900275
22.1039710900275
22.1039710900275
22.1039710900275
22.1039710900275
22.1039710900275
22.1039710900275
22.1039710900275
22.1039710900275
22.1039710900275
22.1039710900275
22.1039710900275
22.1039710900275
24.085493542874673
24.085493542874673
24.085493542874673
24.085493542874673
24.085493542874673
26.04930633929043
26.04930633929043
26.04930633929043
26.04930633929043
26.04930633929043
26.04930633929043
26.04930633929043
26.04930633929043
26.04930633929043
26.04930633929043
26.04930633929043
26.04930633929043
26.04930633929043
26.04930633929043
26.04930633929043
26.04930633929043
26.04930633929043
26.04930633929043
26.04930633929043
26.04930633929043
26.04930633929043
26.04930633929043
26.04930633929043
26.04930633929043
26.04930633929043
26.04930633929043
26.04930633929043
26.04930633929043
26.04930633929043
26.04930633929043
26.04930633929043
26.04930633929043
26.04930633929043
26.04930633929043
26.04930633929043
26.04930633929043
26.04930633929043
26.04930633929043
26.04930633929043
26.04930633929043
26.04930633929043
26.04930633929043
26.04930633929043
26.04930633929043
26.04930633929043
26.04930633929043
26.04930633929043
26.04930633929043
26.04930633929043
26.04930633929043
26.04930633929043
26.04930633929043
26.04930633929043
26.04930633929043
26.04930633929043
26.04930633929043
26.04930633929043
26.04930633929043
26.04930633929043
26.04930633929043
26.04930633929043
26.04930633929043
26.04930633929043
26.04930633929043
26.04930633929043
26.04930633929043
26.04930633929043
26.04930633929043
26.04930633929043
26.04930633929043
26.04930633929043
26.04930633929043
26.04930633929043
26.04930633929043
26.04930633929043
26.04930633929043
26.04930633929043
26.04930633929043
26.04930633929043
26.04930633929043
26.04930633929043
26.04930633929043
26.04930633929043
26.04930633929043
26.04930633929043
26.04930633929043
26.04930633929043
26.04930633929043
26.04930633929043
26.04930633929043
26.04930633929043
26.04930633929043
26.04930633929043
26.04930633929043
26.04930633929043
26.04930633929043
26.04930633929043
26.04930633929043
26.04930633929043
26.04930633929043
26.04930633929043
26.04930633929043
26.04930633929043
26.04930633929043
26.04930633929043
26.04930633929043
26.04930633929043
26.04930633929043
26.04930633929043
26.04930633929043
26.04930633929043
26.04930633929043
26.04930633929043
26.04930633929043
26.04930633929043
26.04930633929043
26.04930633929043
26.04930633929043
26.04930633929043
26.04930633929043
26.04930633929043
26.04930633929043
26.04930633929043
26.04930633929043
26.04930633929043
26.04930633929043
26.04930633929043
26.04930633929043
26.04930633929043
26.04930633929043
26.04930633929043
26.04930633929043
26.04930633929043
26.04930633929043
26.04930633929043
26.04930633929043
26.04930633929043
26.04930633929043
26.04930633929043
26.04930633929043
26.04930633929043
26.04930633929043
26.04930633929043
26.04930633929043
26.04930633929043
26.04930633929043
26.04930633929043
26.04930633929043
26.04930633929043
26.04930633929043
26.04930633929043
26.04930633929043
26.04930633929043
26.04930633929043
26.04930633929043
26.04930633929043
26.04930633929043
26.04930633929043
26.04930633929043
26.04930633929043
26.04930633929043
26.04930633929043
26.04930633929043
26.04930633929043
26.04930633929043
26.04930633929043
26.04930633929043
26.04930633929043
26.04930633929043
26.04930633929043
26.04930633929043
26.04930633929043
26.04930633929043
26.04930633929043
26.04930633929043
26.04930633929043
26.04930633929043
26.04930633929043
26.04930633929043
26.04930633929043
26.04930633929043
26.04930633929043
26.04930633929043
26.04930633929043
26.04930633929043
26.04930633929043
26.04930633929043
26.04930633929043
26.04930633929043
26.04930633929043
26.04930633929043
26.04930633929043
26.04930633929043
26.04930633929043
26.04930633929043
26.04930633929043
26.04930633929043
26.04930633929043
26.04930633929043
26.04930633929043
26.04930633929043
26.04930633929043
26.04930633929043
26.04930633929043
26.04930633929043
26.04930633929043
26.04930633929043
26.04930633929043
26.04930633929043
26.04930633929043
26.04930633929043
26.04930633929043
26.04930633929043
26.04930633929043
26.04930633929043
26.04930633929043
26.04930633929043
26.04930633929043
26.04930633929043
26.04930633929043
26.04930633929043
26.04930633929043
26.04930633929043
26.04930633929043
26.04930633929043
26.04930633929043
26.04930633929043
26.04930633929043
26.04930633929043
26.04930633929043
26.04930633929043
26.04930633929043
26.04930633929043
26.04930633929043
26.04930633929043
26.04930633929043
26.04930633929043
26.04930633929043
26.04930633929043
26.04930633929043
26.04930633929043
26.04930633929043
26.04930633929043
26.04930633929043
26.04930633929043
26.04930633929043
26.04930633929043
26.04930633929043
26.04930633929043
26.04930633929043
26.04930633929043
26.04930633929043
26.04930633929043
26.04930633929043
26.04930633929043
26.04930633929043
26.04930633929043
26.04930633929043
26.04930633929043
26.04930633929043
26.04930633929043
26.04930633929043
26.04930633929043
26.04930633929043
26.04930633929043
26.04930633929043
26.04930633929043
26.04930633929043
26.04930633929043
26.04930633929043
26.04930633929043
26.04930633929043
26.04930633929043
26.04930633929043
26.04930633929043
26.04930633929043
26.04930633929043
26.04930633929043
26.04930633929043
26.04930633929043
26.04930633929043
26.04930633929043
26.04930633929043
26.04930633929043
26.04930633929043
26.04930633929043
26.04930633929043
26.04930633929043
26.04930633929043
26.04930633929043
26.04930633929043
26.04930633929043
26.04930633929043
26.04930633929043
26.04930633929043
26.04930633929043
26.04930633929043
26.04930633929043
26.04930633929043
26.04930633929043
26.04930633929043
26.04930633929043
26.04930633929043
26.04930633929043
26.04930633929043
26.04930633929043
26.04930633929043
26.04930633929043
26.04930633929043
26.04930633929043
26.04930633929043
26.04930633929043
26.04930633929043
26.04930633929043
26.04930633929043
26.04930633929043
26.04930633929043
