3.0499463507164974
3.0499463507164974
3.0499463507164974
3.710022183373186
4.305995801221318
4.305995801221318
4.305995801221318
4.305995801221318
4.305995801221318
4.537523758026966
5.132306923890919
5.132306923890919
5.132306923890919
5.132306923890919
5.132306923890919
5.132306923890919
5.132306923890919
5.132306923890919
5.132306923890919
5.132306923890919
5.132306923890919
5.132306923890919
5.132306923890919
5.834552258386443
5.834552258386443
6.048163802175193
6.048163802175193
6.450145484522489
6.450145484522489
6.450145484522489
6.7064180457033515
6.7064180457033515
6.7064180457033515
6.7064180457033515
7.661830391299141
7.661830391299141
7.661830391299141
7.661830391299141
7.661830391299141
7.661830391299141
7.661830391299141
7.661830391299141
7.661830391299141
7.661830391299141
7.661830391299141
7.661830391299141
7.661830391299141
7.661830391299141
7.661830391299141
7.661830391299141
7.661830391299141
7.661830391299141
7.661830391299141
7.661830391299141
7.661830391299141
7.661830391299141
7.661830391299141
7.661830391299141
7.661830391299141
7.661830391299141
7.661830391299141
7.661830391299141
7.661830391299141
7.661830391299141
7.661830391299141
7.661830391299141
7.661830391299141
7.661830391299141
7.661830391299141
7.661830391299141
7.661830391299141
7.661830391299141
7.661830391299141
7.661830391299141
7.661830391299141
7.661830391299141
7.661830391299141
7.661830391299141
7.661830391299141
7.661830391299141
7.661830391299141
7.661830391299141
7.661830391299141
7.661830391299141
7.661830391299141
7.661830391299141
7.661830391299141
7.661830391299141
7.661830391299141
7.661830391299141
7.661830391299141
7.661830391299141
7.661830391299141
7.661830391299141
7.661830391299141
7.661830391299141
7.661830391299141
7.661830391299141
7.661830391299141
7.661830391299141
7.661830391299141
7.661830391299141
7.661830391299141
7.661830391299141
7.661830391299141
7.661830391299141
7.661830391299141
7.661830391299141
7.661830391299141
7.661830391299141
7.661830391299141
7.661830391299141
7.661830391299141
7.661830391299141
7.661830391299141
7.661830391299141
7.661830391299141
7.661830391299141
7.661830391299141
7.661830391299141
7.661830391299141
7.661830391299141
7.661830391299141
7.661830391299141
7.661830391299141
7.661830391299141
7.661830391299141
7.661830391299141
7.661830391299141
7.661830391299141
7.661830391299141
7.661830391299141
7.661830391299141
7.661830391299141
7.661830391299141
7.661830391299141
7.661830391299141
7.661830391299141
7.661830391299141
7.661830391299141
7.661830391299141
9.01191503762013
9.01191503762013
9.01191503762013
9.01191503762013
9.01191503762013
9.01191503762013
9.01191503762013
9.01191503762013
9.01191503762013
9.01191503762013
9.01191503762013
9.01191503762013
9.01191503762013
9.01191503762013
9.01191503762013
9.01191503762013
9.01191503762013
9.01191503762013
9.01191503762013
9.01191503762013
9.01191503762013
9.01191503762013
9.01191503762013
9.01191503762013
9.01191503762013
9.01191503762013
9.01191503762013
9.01191503762013
9.01191503762013
9.01191503762013
9.01191503762013
9.01191503762013
9.01191503762013
9.01191503762013
9.01191503762013
9.01191503762013
9.01191503762013
9.01191503762013
9.01191503762013
9.01191503762013
9.01191503762013
9.01191503762013
9.01191503762013
9.01191503762013
9.01191503762013
9.01191503762013
9.01191503762013
9.01191503762013
9.01191503762013
9.01191503762013
9.01191503762013
9.01191503762013
9.01191503762013
9.01191503762013
9.01191503762013
9.01191503762013
9.01191503762013
9.01191503762013
9.01191503762013
9.01191503762013
9.01191503762013
9.01191503762013
9.01191503762013
9.01191503762013
9.01191503762013
9.01191503762013
9.01191503762013
9.01191503762013
9.01191503762013
9.01191503762013
9.01191503762013
9.01191503762013
9.01191503762013
9.01191503762013
9.01191503762013
9.01191503762013
9.01191503762013
9.01191503762013
9.01191503762013
9.01191503762013
9.01191503762013
9.01191503762013
9.01191503762013
9.01191503762013
9.01191503762013
9.01191503762013
9.01191503762013
9.01191503762013
10.920333374316597
10.920333374316597
10.920333374316597
10.920333374316597
10.920333374316597
10.920333374316597
10.920333374316597
10.920333374316597
10.920333374316597
10.920333374316597
10.920333374316597
10.920333374316597
10.920333374316597
10.920333374316597
10.920333374316597
10.920333374316597
10.920333374316597
10.920333374316597
10.920333374316597
10.920333374316597
10.920333374316597
10.920333374316597
10.920333374316597
10.920333374316597
10.920333374316597
10.920333374316597
10.920333374316597
10.920333374316597
10.920333374316597
10.920333374316597
10.920333374316597
10.920333374316597
10.920333374316597
10.920333374316597
10.920333374316597
10.920333374316597
10.920333374316597
10.920333374316597
10.920333374316597
10.920333374316597
10.920333374316597
10.920333374316597
10.920333374316597
10.920333374316597
10.920333374316597
10.920333374316597
10.920333374316597
10.920333374316597
10.920333374316597
10.920333374316597
10.920333374316597
10.920333374316597
10.920333374316597
10.920333374316597
10.920333374316597
10.920333374316597
10.920333374316597
10.920333374316597
10.920333374316597
10.920333374316597
10.920333374316597
10.920333374316597
10.920333374316597
10.920333374316597
10.920333374316597
10.920333374316597
10.920333374316597
10.920333374316597
10.920333374316597
10.920333374316597
10.920333374316597
10.920333374316597
10.920333374316597
10.920333374316597
10.920333374316597
10.920333374316597
10.920333374316597
10.920333374316597
10.920333374316597
10.920333374316597
10.920333374316597
10.920333374316597
10.920333374316597
10.920333374316597
10.920333374316597
10.920333374316597
13.073853366613465
13.073853366613465
13.073853366613465
13.073853366613465
13.073853366613465
13.073853366613465
13.073853366613465
13.073853366613465
13.073853366613465
13.073853366613465
13.073853366613465
13.073853366613465
13.073853366613465
13.073853366613465
13.073853366613465
13.073853366613465
13.073853366613465
13.073853366613465
13.073853366613465
13.073853366613465
13.073853366613465
13.073853366613465
13.073853366613465
13.073853366613465
13.073853366613465
13.073853366613465
13.073853366613465
13.073853366613465
13.073853366613465
13.073853366613465
13.073853366613465
13.073853366613465
13.073853366613465
13.073853366613465
13.073853366613465
13.073853366613465
13.073853366613465
13.073853366613465
13.073853366613465
13.073853366613465
13.073853366613465
13.073853366613465
13.073853366613465
13.073853366613465
13.073853366613465
13.073853366613465
13.073853366613465
13.073853366613465
13.073853366613465
13.073853366613465
13.073853366613465
13.073853366613465
13.073853366613465
13.073853366613465
13.073853366613465
13.073853366613465
13.073853366613465
13.073853366613465
13.073853366613465
13.073853366613465
13.073853366613465
13.073853366613465
13.073853366613465
13.073853366613465
13.073853366613465
13.073853366613465
13.073853366613465
13.073853366613465
13.073853366613465
13.073853366613465
13.073853366613465
13.073853366613465
13.073853366613465
13.073853366613465
13.073853366613465
13.073853366613465
13.073853366613465
13.073853366613465
13.073853366613465
13.073853366613465
13.073853366613465
13.073853366613465
13.073853366613465
13.073853366613465
13.073853366613465
13.073853366613465
13.073853366613465
13.073853366613465
13.073853366613465
13.073853366613465
13.073853366613465
13.073853366613465
13.073853366613465
13.073853366613465
13.073853366613465
13.073853366613465
13.073853366613465
13.073853366613465
13.073853366613465
13.073853366613465
13.073853366613465
13.073853366613465
13.073853366613465
13.073853366613465
13.073853366613465
13.073853366613465
13.073853366613465
13.073853366613465
13.073853366613465
13.073853366613465
13.073853366613465
13.073853366613465
13.073853366613465
13.073853366613465
13.073853366613465
13.073853366613465
13.073853366613465
13.073853366613465
13.073853366613465
13.073853366613465
13.073853366613465
13.073853366613465
13.073853366613465
13.073853366613465
13.073853366613465
13.073853366613465
13.073853366613465
13.073853366613465
13.073853366613465
13.073853366613465
13.073853366613465
13.073853366613465
13.073853366613465
13.073853366613465
13.073853366613465
13.073853366613465
13.073853366613465
13.073853366613465
13.073853366613465
13.073853366613465
13.073853366613465
13.073853366613465
13.073853366613465
13.073853366613465
13.073853366613465
13.073853366613465
13.073853366613465
13.073853366613465
13.073853366613465
13.073853366613465
13.073853366613465
13.073853366613465
13.073853366613465
13.073853366613465
13.073853366613465
13.073853366613465
13.073853366613465
13.073853366613465
13.073853366613465
13.073853366613465
13.073853366613465
13.073853366613465
13.073853366613465
13.073853366613465
13.073853366613465
13.073853366613465
13.073853366613465
13.073853366613465
13.073853366613465
13.073853366613465
13.073853366613465
13.073853366613465
13.073853366613465
13.073853366613465
13.073853366613465
13.073853366613465
13.073853366613465
13.073853366613465
13.073853366613465
13.073853366613465
13.073853366613465
13.073853366613465
13.073853366613465
13.073853366613465
13.073853366613465
13.073853366613465
