5.151288395378385
5.151288395378385
5.151288395378385
5.151288395378385
5.151288395378385
5.151288395378385
5.151288395378385
5.151288395378385
5.990591561292036
5.990591561292036
5.990591561292036
5.990591561292036
6.670206393347364
6.670206393347364
6.670206393347364
6.670206393347364
6.670206393347364
7.109305164048846
7.109305164048846
8.494811440366883
8.494811440366883
8.494811440366883
8.494811440366883
9.336925177296969
9.927649287247055
9.927649287247055
9.927649287247055
9.927649287247055
9.927649287247055
9.927649287247055
10.492006347719062
10.492006347719062
10.492006347719062
10.492006347719062
10.492006347719062
10.492006347719062
10.492006347719062
10.492006347719062
10.492006347719062
10.492006347719062
10.492006347719062
10.492006347719062
10.492006347719062
10.492006347719062
10.492006347719062
10.492006347719062
10.492006347719062
13.048410293405052
13.048410293405052
13.048410293405052
13.048410293405052
13.048410293405052
13.048410293405052
13.048410293405052
13.048410293405052
13.048410293405052
13.048410293405052
13.048410293405052
13.048410293405052
13.048410293405052
13.048410293405052
13.048410293405052
13.048410293405052
13.048410293405052
13.048410293405052
13.048410293405052
13.048410293405052
13.048410293405052
13.048410293405052
13.048410293405052
13.048410293405052
13.048410293405052
13.048410293405052
13.048410293405052
13.048410293405052
13.048410293405052
13.048410293405052
13.048410293405052
13.048410293405052
13.048410293405052
13.048410293405052
13.048410293405052
13.048410293405052
13.048410293405052
13.048410293405052
13.048410293405052
13.048410293405052
13.048410293405052
13.048410293405052
13.048410293405052
13.048410293405052
13.048410293405052
13.048410293405052
13.048410293405052
13.048410293405052
13.048410293405052
13.048410293405052
13.048410293405052
13.048410293405052
13.048410293405052
13.048410293405052
13.048410293405052
13.048410293405052
13.048410293405052
13.048410293405052
13.048410293405052
13.048410293405052
13.048410293405052
13.048410293405052
13.048410293405052
13.048410293405052
13.048410293405052
13.048410293405052
13.048410293405052
13.048410293405052
13.048410293405052
13.199496732556117
13.199496732556117
13.199496732556117
13.199496732556117
13.199496732556117
13.199496732556117
13.199496732556117
13.40312331056731
13.40312331056731
13.40312331056731
13.40312331056731
13.40312331056731
13.508851836632571
13.508851836632571
13.508851836632571
13.508851836632571
13.508851836632571
13.508851836632571
13.508851836632571
13.508851836632571
13.508851836632571
13.508851836632571
13.508851836632571
13.508851836632571
13.508851836632571
13.508851836632571
13.508851836632571
13.508851836632571
13.508851836632571
13.508851836632571
13.508851836632571
13.508851836632571
13.508851836632571
13.508851836632571
13.508851836632571
13.508851836632571
13.508851836632571
13.508851836632571
13.508851836632571
13.508851836632571
13.508851836632571
13.508851836632571
13.508851836632571
13.508851836632571
13.508851836632571
13.508851836632571
13.508851836632571
13.508851836632571
13.508851836632571
13.508851836632571
13.508851836632571
13.508851836632571
13.508851836632571
13.508851836632571
13.508851836632571
14.437990382236592
14.437990382236592
14.437990382236592
14.437990382236592
14.437990382236592
14.437990382236592
14.437990382236592
14.437990382236592
14.437990382236592
14.437990382236592
14.437990382236592
14.437990382236592
14.437990382236592
14.437990382236592
14.437990382236592
14.437990382236592
14.437990382236592
14.437990382236592
14.437990382236592
14.437990382236592
14.437990382236592
14.437990382236592
14.437990382236592
14.437990382236592
14.437990382236592
14.437990382236592
14.437990382236592
14.437990382236592
14.437990382236592
14.437990382236592
14.437990382236592
14.437990382236592
14.437990382236592
14.437990382236592
14.437990382236592
14.437990382236592
14.437990382236592
14.437990382236592
14.437990382236592
14.437990382236592
14.437990382236592
14.437990382236592
14.437990382236592
14.437990382236592
14.437990382236592
14.437990382236592
14.437990382236592
14.437990382236592
14.437990382236592
14.437990382236592
14.437990382236592
14.437990382236592
14.437990382236592
14.437990382236592
14.437990382236592
14.437990382236592
14.437990382236592
14.437990382236592
14.437990382236592
14.437990382236592
14.437990382236592
14.437990382236592
14.437990382236592
14.437990382236592
14.437990382236592
14.437990382236592
14.437990382236592
14.437990382236592
14.437990382236592
14.437990382236592
14.437990382236592
14.437990382236592
14.437990382236592
14.437990382236592
14.437990382236592
14.437990382236592
14.437990382236592
14.437990382236592
14.437990382236592
14.437990382236592
14.437990382236592
14.437990382236592
14.437990382236592
15.164207821494008
15.164207821494008
15.164207821494008
15.164207821494008
15.164207821494008
15.164207821494008
15.164207821494008
15.164207821494008
15.164207821494008
15.164207821494008
15.164207821494008
15.164207821494008
15.164207821494008
15.164207821494008
15.164207821494008
15.164207821494008
15.164207821494008
15.164207821494008
15.164207821494008
15.164207821494008
15.164207821494008
15.164207821494008
15.164207821494008
15.164207821494008
15.164207821494008
15.164207821494008
15.164207821494008
15.164207821494008
15.164207821494008
15.164207821494008
15.164207821494008
15.164207821494008
15.164207821494008
15.164207821494008
15.164207821494008
15.164207821494008
15.164207821494008
15.164207821494008
15.164207821494008
15.164207821494008
15.164207821494008
15.164207821494008
15.164207821494008
15.164207821494008
15.164207821494008
15.164207821494008
15.164207821494008
15.164207821494008
15.164207821494008
15.164207821494008
15.164207821494008
15.164207821494008
15.164207821494008
15.164207821494008
15.164207821494008
15.164207821494008
15.164207821494008
15.164207821494008
15.164207821494008
15.164207821494008
15.164207821494008
15.164207821494008
15.164207821494008
15.164207821494008
15.164207821494008
15.164207821494008
15.164207821494008
15.164207821494008
15.164207821494008
15.164207821494008
15.164207821494008
15.164207821494008
15.164207821494008
15.164207821494008
15.164207821494008
15.164207821494008
15.164207821494008
15.164207821494008
15.164207821494008
15.164207821494008
15.164207821494008
15.164207821494008
15.164207821494008
15.164207821494008
15.164207821494008
15.164207821494008
15.164207821494008
15.164207821494008
15.164207821494008
15.164207821494008
15.164207821494008
15.164207821494008
15.164207821494008
15.164207821494008
15.164207821494008
15.164207821494008
15.164207821494008
15.164207821494008
15.164207821494008
15.164207821494008
15.164207821494008
15.164207821494008
15.164207821494008
15.164207821494008
15.164207821494008
15.164207821494008
15.164207821494008
15.164207821494008
15.164207821494008
15.164207821494008
15.164207821494008
15.164207821494008
15.164207821494008
15.164207821494008
15.164207821494008
15.164207821494008
15.164207821494008
15.164207821494008
15.164207821494008
15.164207821494008
15.164207821494008
15.164207821494008
15.164207821494008
15.164207821494008
15.164207821494008
15.164207821494008
15.164207821494008
15.164207821494008
15.164207821494008
15.164207821494008
15.164207821494008
15.164207821494008
15.164207821494008
15.164207821494008
15.164207821494008
15.164207821494008
15.164207821494008
15.164207821494008
15.164207821494008
15.164207821494008
15.164207821494008
15.164207821494008
15.164207821494008
15.164207821494008
15.164207821494008
15.164207821494008
15.164207821494008
15.164207821494008
15.164207821494008
15.164207821494008
15.164207821494008
15.164207821494008
15.164207821494008
15.164207821494008
15.164207821494008
15.164207821494008
15.164207821494008
15.164207821494008
15.164207821494008
15.164207821494008
15.164207821494008
15.164207821494008
15.164207821494008
15.164207821494008
15.164207821494008
15.164207821494008
15.164207821494008
15.164207821494008
15.164207821494008
15.164207821494008
15.164207821494008
15.164207821494008
15.164207821494008
15.164207821494008
15.164207821494008
15.164207821494008
15.164207821494008
15.164207821494008
15.164207821494008
15.164207821494008
15.164207821494008
15.164207821494008
15.164207821494008
15.164207821494008
15.164207821494008
15.164207821494008
15.164207821494008
15.164207821494008
15.164207821494008
15.164207821494008
15.164207821494008
15.164207821494008
15.164207821494008
15.164207821494008
15.164207821494008
15.164207821494008
15.164207821494008
15.164207821494008
15.164207821494008
15.164207821494008
15.164207821494008
15.164207821494008
15.164207821494008
15.164207821494008
15.164207821494008
15.164207821494008
15.164207821494008
15.164207821494008
15.164207821494008
15.164207821494008
15.164207821494008
15.164207821494008
15.164207821494008
15.164207821494008
15.164207821494008
15.164207821494008
15.164207821494008
15.164207821494008
15.164207821494008
15.164207821494008
15.164207821494008
15.164207821494008
15.164207821494008
15.164207821494008
15.164207821494008
15.164207821494008
15.164207821494008
15.164207821494008
15.164207821494008
15.164207821494008
15.164207821494008
15.164207821494008
15.164207821494008
15.164207821494008
15.164207821494008
15.164207821494008
15.164207821494008
15.164207821494008
15.164207821494008
15.164207821494008
15.164207821494008
15.164207821494008
15.164207821494008
15.164207821494008
15.164207821494008
15.164207821494008
15.164207821494008
