4.065307965756257
4.065307965756257
5.131055236874599
5.395906120095439
5.395906120095439
5.395906120095439
5.395906120095439
5.395906120095439
5.398186444657276
5.465622024829637
5.580889140480787
5.60189203540245
5.60189203540245
5.605935792099975
7.322613374754584
7.322613374754584
7.322613374754584
7.322613374754584
7.322613374754584
7.322613374754584
7.378576648515606
8.86197481413505
8.86197481413505
8.86197481413505
9.754665608708779
9.754665608708779
9.754665608708779
10.228687936973076
10.713042664216637
10.713042664216637
10.713042664216637
10.713042664216637
10.713042664216637
10.713042664216637
10.713042664216637
11.321665195395695
11.321665195395695
11.321665195395695
11.321665195395695
11.321665195395695
11.321665195395695
11.321665195395695
11.321665195395695
11.321665195395695
11.321665195395695
11.321665195395695
11.321665195395695
11.40100694890976
11.40100694890976
11.40100694890976
11.70619985231496
11.70619985231496
11.70619985231496
11.70619985231496
11.70619985231496
11.70619985231496
11.70619985231496
11.70619985231496
11.70619985231496
11.70619985231496
11.70619985231496
11.70619985231496
11.70619985231496
11.70619985231496
11.70619985231496
12.158124672258849
12.158124672258849
12.158124672258849
12.158124672258849
12.158124672258849
12.158124672258849
12.158124672258849
13.295063539437633
13.295063539437633
13.295063539437633
13.327735779881001
13.327735779881001
13.449055761590154
13.449055761590154
13.449055761590154
13.449055761590154
13.449055761590154
13.449055761590154
13.449055761590154
13.955696878545291
13.955696878545291
13.955696878545291
13.955696878545291
13.955696878545291
13.955696878545291
13.955696878545291
13.955696878545291
13.955696878545291
13.955696878545291
13.955696878545291
13.955696878545291
13.955696878545291
13.955696878545291
13.955696878545291
13.955696878545291
13.955696878545291
14.187367231760435
14.187367231760435
14.187367231760435
14.23396952538258
14.23396952538258
14.23396952538258
14.23396952538258
14.23396952538258
14.25231447210611
14.25231447210611
14.25231447210611
14.25231447210611
14.25231447210611
14.25231447210611
14.25231447210611
14.25231447210611
14.25231447210611
14.25231447210611
14.25231447210611
14.339023230262178
14.339023230262178
14.339023230262178
14.339023230262178
14.339023230262178
14.905982157371069
14.905982157371069
14.905982157371069
14.905982157371069
14.905982157371069
14.905982157371069
14.905982157371069
14.905982157371069
14.905982157371069
14.905982157371069
14.905982157371069
14.905982157371069
14.905982157371069
14.905982157371069
14.905982157371069
14.905982157371069
14.905982157371069
14.905982157371069
15.171174036078211
15.171174036078211
15.171174036078211
15.171174036078211
15.171174036078211
15.171174036078211
15.171174036078211
15.171174036078211
15.171174036078211
15.171174036078211
15.171174036078211
15.171174036078211
15.171174036078211
15.171174036078211
15.171174036078211
15.171174036078211
15.171174036078211
15.171174036078211
15.171174036078211
15.171174036078211
15.171174036078211
15.171174036078211
15.171174036078211
15.171174036078211
15.171174036078211
15.171174036078211
15.171174036078211
15.171174036078211
15.171174036078211
15.171174036078211
15.171174036078211
15.171174036078211
15.171174036078211
15.171174036078211
15.171174036078211
15.171174036078211
15.171174036078211
15.171174036078211
15.171174036078211
15.171174036078211
15.171174036078211
15.171174036078211
15.171174036078211
15.171174036078211
15.171174036078211
15.171174036078211
15.171174036078211
15.171174036078211
15.171174036078211
15.171174036078211
15.171174036078211
15.171174036078211
15.171174036078211
15.171174036078211
15.171174036078211
15.171174036078211
15.171174036078211
15.171174036078211
15.171174036078211
15.171174036078211
15.171174036078211
15.171174036078211
15.171174036078211
15.171174036078211
15.171174036078211
15.171174036078211
15.171174036078211
15.171174036078211
15.171174036078211
15.171174036078211
15.171174036078211
15.171174036078211
15.171174036078211
15.171174036078211
15.171174036078211
15.171174036078211
15.171174036078211
15.171174036078211
15.171174036078211
15.171174036078211
15.171174036078211
15.171174036078211
15.171174036078211
15.171174036078211
15.171174036078211
15.171174036078211
15.171174036078211
15.171174036078211
15.171174036078211
15.171174036078211
15.171174036078211
15.171174036078211
15.171174036078211
15.171174036078211
15.171174036078211
15.171174036078211
15.171174036078211
15.171174036078211
15.171174036078211
15.171174036078211
15.171174036078211
15.171174036078211
15.171174036078211
15.171174036078211
15.171174036078211
15.171174036078211
15.171174036078211
15.171174036078211
15.171174036078211
15.171174036078211
15.171174036078211
15.171174036078211
15.171174036078211
15.171174036078211
15.171174036078211
15.171174036078211
15.171174036078211
15.171174036078211
15.171174036078211
15.171174036078211
15.171174036078211
15.171174036078211
15.171174036078211
15.171174036078211
15.171174036078211
15.171174036078211
15.171174036078211
15.171174036078211
15.171174036078211
15.171174036078211
15.171174036078211
15.171174036078211
15.171174036078211
15.171174036078211
15.171174036078211
15.171174036078211
15.171174036078211
15.171174036078211
15.171174036078211
15.171174036078211
15.171174036078211
15.171174036078211
15.171174036078211
15.171174036078211
15.171174036078211
15.171174036078211
15.171174036078211
15.171174036078211
15.171174036078211
15.171174036078211
15.171174036078211
15.171174036078211
15.171174036078211
15.171174036078211
15.171174036078211
15.171174036078211
15.171174036078211
15.171174036078211
15.171174036078211
15.171174036078211
15.171174036078211
15.171174036078211
15.171174036078211
15.171174036078211
15.171174036078211
15.171174036078211
15.171174036078211
15.171174036078211
15.171174036078211
15.171174036078211
15.171174036078211
15.171174036078211
15.171174036078211
15.171174036078211
15.171174036078211
15.171174036078211
15.171174036078211
15.171174036078211
15.171174036078211
15.171174036078211
15.171174036078211
15.171174036078211
15.171174036078211
15.171174036078211
15.171174036078211
15.171174036078211
15.171174036078211
15.171174036078211
15.171174036078211
15.171174036078211
15.171174036078211
15.171174036078211
15.171174036078211
15.171174036078211
15.171174036078211
15.171174036078211
15.171174036078211
15.171174036078211
15.171174036078211
15.171174036078211
15.171174036078211
15.171174036078211
15.171174036078211
15.171174036078211
15.171174036078211
15.171174036078211
15.171174036078211
15.171174036078211
15.171174036078211
15.171174036078211
15.171174036078211
15.171174036078211
15.171174036078211
15.171174036078211
15.171174036078211
15.171174036078211
15.171174036078211
15.171174036078211
15.171174036078211
15.171174036078211
15.171174036078211
15.171174036078211
15.171174036078211
15.171174036078211
15.171174036078211
15.171174036078211
15.171174036078211
15.171174036078211
15.171174036078211
15.171174036078211
15.171174036078211
15.171174036078211
15.171174036078211
15.171174036078211
15.171174036078211
15.171174036078211
15.171174036078211
15.171174036078211
15.171174036078211
15.171174036078211
15.171174036078211
15.171174036078211
15.171174036078211
15.171174036078211
15.171174036078211
15.171174036078211
15.171174036078211
15.171174036078211
15.171174036078211
15.171174036078211
15.171174036078211
15.171174036078211
15.171174036078211
15.171174036078211
15.578734710606668
15.578734710606668
15.578734710606668
15.578734710606668
15.578734710606668
15.578734710606668
15.578734710606668
15.578734710606668
15.578734710606668
15.578734710606668
15.578734710606668
15.578734710606668
15.578734710606668
15.578734710606668
15.578734710606668
15.578734710606668
15.578734710606668
15.578734710606668
15.578734710606668
15.578734710606668
15.578734710606668
15.578734710606668
15.578734710606668
15.578734710606668
15.578734710606668
15.578734710606668
15.578734710606668
15.578734710606668
15.578734710606668
15.578734710606668
15.578734710606668
15.578734710606668
15.578734710606668
15.578734710606668
15.578734710606668
15.578734710606668
15.578734710606668
15.578734710606668
15.947835065580819
15.947835065580819
15.947835065580819
15.947835065580819
15.947835065580819
15.947835065580819
15.947835065580819
15.947835065580819
15.947835065580819
15.947835065580819
15.947835065580819
15.947835065580819
15.947835065580819
15.947835065580819
15.947835065580819
15.947835065580819
15.947835065580819
15.947835065580819
15.947835065580819
15.947835065580819
15.947835065580819
15.947835065580819
15.947835065580819
15.947835065580819
15.947835065580819
15.947835065580819
15.947835065580819
15.947835065580819
16.199583600880004
16.199583600880004
16.199583600880004
16.199583600880004
16.617913232034848
16.617913232034848
16.617913232034848
16.617913232034848
16.617913232034848
16.617913232034848
16.617913232034848
16.617913232034848
16.617913232034848
16.617913232034848
16.617913232034848
16.617913232034848
16.617913232034848
16.617913232034848
16.617913232034848
16.617913232034848
16.617913232034848
16.617913232034848
16.617913232034848
17.592129207527133
17.592129207527133
17.592129207527133
17.592129207527133
17.592129207527133
17.592129207527133
17.592129207527133
17.592129207527133
17.592129207527133
17.592129207527133
17.592129207527133
17.592129207527133
17.592129207527133
17.592129207527133
17.592129207527133
