2.000103005284982
2.000103005284982
2.000103005284982
4.136108264156847
4.136108264156847
4.136108264156847
4.136108264156847
4.136108264156847
4.136108264156847
4.136108264156847
4.136108264156847
4.136108264156847
4.136108264156847
4.136108264156847
4.136108264156847
4.136108264156847
4.136108264156847
4.136108264156847
4.136108264156847
4.136108264156847
4.136108264156847
5.494790882152005
5.494790882152005
5.494790882152005
5.494790882152005
5.494790882152005
5.494790882152005
5.494790882152005
5.494790882152005
5.494790882152005
5.494790882152005
5.494790882152005
5.494790882152005
5.494790882152005
5.494790882152005
5.494790882152005
5.494790882152005
5.494790882152005
5.494790882152005
5.494790882152005
5.494790882152005
5.494790882152005
5.494790882152005
5.494790882152005
5.494790882152005
8.34671648840969
8.34671648840969
9.532821852376244
9.532821852376244
9.532821852376244
13.163841011931824
13.163841011931824
13.163841011931824
13.163841011931824
13.163841011931824
13.163841011931824
13.163841011931824
13.163841011931824
13.163841011931824
13.163841011931824
13.163841011931824
13.18883453276566
13.18883453276566
13.18883453276566
13.18883453276566
13.18883453276566
13.18883453276566
13.98279364385635
13.98279364385635
13.98279364385635
13.98279364385635
13.98279364385635
13.98279364385635
13.98279364385635
13.98279364385635
13.98279364385635
13.98279364385635
13.98279364385635
13.98279364385635
13.98279364385635
13.9897383086478
13.9897383086478
13.9897383086478
13.9897383086478
13.9897383086478
13.9897383086478
13.9897383086478
13.9897383086478
13.9897383086478
13.9897383086478
13.9897383086478
13.9897383086478
13.9897383086478
13.9897383086478
13.9897383086478
13.9897383086478
13.9897383086478
13.9897383086478
13.9897383086478
13.9897383086478
13.9897383086478
13.9897383086478
13.9897383086478
13.9897383086478
13.9897383086478
13.9897383086478
13.9897383086478
13.9897383086478
13.9897383086478
13.9897383086478
13.9897383086478
13.9897383086478
13.9897383086478
13.9897383086478
13.9897383086478
13.9897383086478
13.9897383086478
13.9897383086478
13.9897383086478
13.9897383086478
13.9897383086478
13.9897383086478
13.9897383086478
13.9897383086478
13.9897383086478
13.9897383086478
13.9897383086478
13.9897383086478
13.9897383086478
14.625896076946091
14.625896076946091
14.625896076946091
14.625896076946091
14.625896076946091
14.625896076946091
14.625896076946091
14.625896076946091
14.625896076946091
14.625896076946091
14.625896076946091
15.008275761923782
15.995238865905284
15.995238865905284
15.995238865905284
15.995238865905284
15.995238865905284
15.995238865905284
15.995238865905284
16.396381497662038
16.396381497662038
16.396381497662038
16.396381497662038
16.396381497662038
16.396381497662038
16.584013072566734
16.584013072566734
16.584013072566734
16.584013072566734
16.584013072566734
19.385597902640345
19.385597902640345
19.385597902640345
19.385597902640345
19.385597902640345
19.946961399596326
19.946961399596326
19.946961399596326
19.946961399596326
19.946961399596326
19.946961399596326
19.946961399596326
19.946961399596326
19.946961399596326
19.946961399596326
19.946961399596326
19.946961399596326
19.946961399596326
19.946961399596326
19.946961399596326
19.946961399596326
19.946961399596326
19.946961399596326
19.946961399596326
19.946961399596326
19.946961399596326
19.946961399596326
19.946961399596326
19.946961399596326
19.946961399596326
19.946961399596326
19.946961399596326
19.946961399596326
19.946961399596326
19.946961399596326
19.946961399596326
20.119927568732756
20.119927568732756
20.119927568732756
20.119927568732756
20.119927568732756
20.119927568732756
20.119927568732756
20.119927568732756
20.119927568732756
20.119927568732756
20.119927568732756
20.119927568732756
20.119927568732756
20.119927568732756
20.119927568732756
20.119927568732756
20.119927568732756
20.119927568732756
20.119927568732756
20.119927568732756
20.119927568732756
20.119927568732756
20.119927568732756
20.119927568732756
20.119927568732756
20.119927568732756
20.119927568732756
20.119927568732756
20.119927568732756
20.22990774534645
20.22990774534645
20.22990774534645
20.22990774534645
20.22990774534645
20.22990774534645
20.22990774534645
20.22990774534645
20.22990774534645
20.22990774534645
20.22990774534645
20.22990774534645
20.22990774534645
20.22990774534645
20.22990774534645
20.22990774534645
20.22990774534645
20.22990774534645
20.22990774534645
20.22990774534645
20.22990774534645
20.22990774534645
20.22990774534645
20.22990774534645
20.22990774534645
20.50738326996552
20.50738326996552
20.50738326996552
20.50738326996552
20.50738326996552
20.50738326996552
20.50738326996552
20.50738326996552
20.50738326996552
20.50738326996552
20.50738326996552
20.50738326996552
20.50738326996552
20.50738326996552
20.50738326996552
20.50738326996552
20.50738326996552
20.50738326996552
20.50738326996552
20.50738326996552
20.50738326996552
20.50738326996552
20.50738326996552
20.50738326996552
20.50738326996552
20.50738326996552
20.50738326996552
20.50738326996552
20.50738326996552
20.50738326996552
20.50738326996552
20.50738326996552
20.50738326996552
20.50738326996552
20.50738326996552
20.50738326996552
20.50738326996552
20.50738326996552
20.50738326996552
20.50738326996552
21.383773232342033
21.383773232342033
21.383773232342033
21.383773232342033
21.383773232342033
21.383773232342033
21.383773232342033
21.383773232342033
21.383773232342033
21.383773232342033
21.383773232342033
21.383773232342033
21.383773232342033
21.383773232342033
21.383773232342033
21.383773232342033
21.383773232342033
21.383773232342033
21.383773232342033
21.383773232342033
21.383773232342033
21.383773232342033
21.383773232342033
21.383773232342033
21.383773232342033
21.383773232342033
21.383773232342033
21.383773232342033
21.383773232342033
21.383773232342033
21.383773232342033
21.383773232342033
21.383773232342033
21.383773232342033
21.383773232342033
21.383773232342033
21.383773232342033
21.383773232342033
21.383773232342033
21.383773232342033
21.383773232342033
21.383773232342033
21.383773232342033
21.383773232342033
21.383773232342033
21.383773232342033
21.383773232342033
21.383773232342033
21.383773232342033
21.383773232342033
21.383773232342033
21.383773232342033
21.383773232342033
21.383773232342033
21.383773232342033
21.383773232342033
21.383773232342033
21.383773232342033
21.383773232342033
21.383773232342033
21.383773232342033
21.383773232342033
21.383773232342033
21.383773232342033
21.383773232342033
21.383773232342033
21.383773232342033
21.383773232342033
21.383773232342033
21.383773232342033
21.383773232342033
21.383773232342033
21.383773232342033
21.383773232342033
21.383773232342033
21.383773232342033
21.383773232342033
21.383773232342033
21.383773232342033
21.383773232342033
21.383773232342033
21.383773232342033
21.383773232342033
21.383773232342033
21.383773232342033
21.383773232342033
21.383773232342033
21.383773232342033
21.383773232342033
21.383773232342033
21.383773232342033
21.383773232342033
21.383773232342033
21.383773232342033
21.383773232342033
21.885738469265778
21.885738469265778
21.885738469265778
21.885738469265778
21.885738469265778
21.885738469265778
21.885738469265778
21.885738469265778
21.885738469265778
21.885738469265778
21.885738469265778
21.885738469265778
21.885738469265778
21.885738469265778
21.885738469265778
21.885738469265778
21.885738469265778
21.885738469265778
21.885738469265778
21.885738469265778
21.885738469265778
21.885738469265778
22.42866882298298
22.907696270127854
22.907696270127854
22.907696270127854
22.907696270127854
22.907696270127854
22.907696270127854
22.907696270127854
22.907696270127854
22.907696270127854
22.907696270127854
22.907696270127854
22.907696270127854
22.907696270127854
22.907696270127854
22.907696270127854
22.907696270127854
22.907696270127854
22.907696270127854
22.907696270127854
22.907696270127854
22.907696270127854
22.907696270127854
22.907696270127854
22.907696270127854
22.907696270127854
22.907696270127854
22.907696270127854
22.907696270127854
22.907696270127854
22.907696270127854
22.907696270127854
22.907696270127854
22.907696270127854
22.907696270127854
22.907696270127854
22.907696270127854
22.907696270127854
22.907696270127854
22.907696270127854
22.907696270127854
22.907696270127854
22.907696270127854
22.907696270127854
22.907696270127854
22.907696270127854
22.907696270127854
22.907696270127854
22.907696270127854
22.907696270127854
22.907696270127854
22.907696270127854
22.907696270127854
22.907696270127854
22.907696270127854
22.907696270127854
22.907696270127854
22.907696270127854
22.907696270127854
22.907696270127854
22.907696270127854
22.907696270127854
22.907696270127854
22.907696270127854
22.907696270127854
22.907696270127854
22.907696270127854
22.907696270127854
22.907696270127854
22.907696270127854
22.907696270127854
22.907696270127854
22.907696270127854
22.907696270127854
22.907696270127854
22.907696270127854
22.907696270127854
22.907696270127854
22.907696270127854
22.907696270127854
22.907696270127854
22.907696270127854
22.907696270127854
22.907696270127854
22.907696270127854
22.907696270127854
22.907696270127854
22.907696270127854
22.907696270127854
22.907696270127854
22.907696270127854
22.907696270127854
22.907696270127854
22.907696270127854
